 3500.0  58.2608   23.2287  0 
 3500.8   57.972   23.5246  0 
 3501.6  59.6768   23.5981  0 
 3502.4  61.0542   23.4867  0 
 3503.2  60.6761   23.3678  0 
 3504.0  58.9783   23.2961  0 
 3504.8  59.6077   23.0918  0 
 3505.6   58.645    23.094  0 
 3506.4  58.8122   23.1539  0 
 3507.2  58.3816   23.1675  0 
 3508.0  56.7764   23.1243  0 
 3508.8  55.7692     23.17  0 
 3509.6  56.1599   22.9246  0 
 3510.4  55.9893   22.6715  0 
 3511.2   56.022   22.4469  0 
 3512.0  55.7778   22.2658  0 
 3512.8  52.3943   22.1326  0 
 3513.6  50.0036   21.9373  0 
 3514.4  49.8755   21.9553  0 
 3515.2  51.0664   22.0965  0 
 3516.0  52.9514    22.232  0 
 3516.8  55.6283   22.1926  0 
 3517.6  55.6457   22.1002  0 
 3518.4  57.5745   22.1703  0 
 3519.2  58.3126   22.1733  0 
 3520.0   56.592   22.0457  0 
 3520.8  54.3499   22.0051  0 
 3521.6   54.485   21.8079  0 
 3522.4  52.0672   21.4217  0 
 3523.2  49.8718   21.1324  0 
 3524.0  48.9323   21.0331  0 
 3524.8  47.2943   20.9205  0 
 3525.6  46.0262   20.8585  0 
 3526.4  46.5214   20.9916  0 
 3527.2  47.5457   21.0562  0 
 3528.0   49.484   21.0604  0 
 3528.8  55.2692   21.4263  0 
 3529.6  57.0725   21.5328  0 
 3530.4   56.032   21.3846  0 
 3531.2  54.2748   21.2078  0 
 3532.0   53.175   21.1239  0 
 3532.8  53.0716   21.1056  0 
 3533.6  55.0859    21.073  0 
 3534.4  56.3043   21.0967  0 
 3535.2  57.3378   21.2124  0 
 3536.0  57.8986   21.3818  0 
 3536.8  56.3307   21.4701  0 
 3537.6  58.0002   21.6417  0 
 3538.4  57.4324   21.7583  0 
 3539.2  57.1359   21.9174  0 
 3540.0  57.1333   22.0811  0 
 3540.8  53.9857   22.0277  0 
 3541.6  53.3273   21.9907  0 
 3542.4  53.8532   22.1804  0 
 3543.2  54.6264   22.3072  0 
 3544.0  55.2844   22.2218  0 
 3544.8  56.1632   21.9542  0 
 3545.6   54.827   21.7571  0 
 3546.4  54.8895   21.6418  0 
 3547.2   55.245    21.542  0 
 3548.0  55.0945   21.4322  0 
 3548.8  54.0818   21.3374  0 
 3549.6  53.8186   21.3275  0 
 3550.4  53.6802   21.4273  0 
 3551.2   53.513    21.508  0 
 3552.0  53.2285   21.4898  0 
 3552.8   52.803   21.3485  0 
 3553.6   52.148   21.0086  0 
 3554.4  51.0932    20.846  0 
 3555.2  49.6065   20.7709  0 
 3556.0  48.0504   20.6807  0 
 3556.8  47.2251   20.4623  0 
 3557.6  48.5468   20.2593  0 
 3558.4  48.7517   20.1811  0 
 3559.2  48.3994   20.1564  0 
 3560.0   47.949   20.1149  0 
 3560.8  47.7221   19.9881  0 
 3561.6  48.6813   19.8704  0 
 3562.4  51.1357   19.8412  0 
 3563.2  51.6985    19.783  0 
 3564.0  49.8495   19.6229  0 
 3564.8  48.0261   19.3347  0 
 3565.6  45.1835   19.1374  0 
 3566.4  43.9206   19.0438  0 
 3567.2  44.4017   18.9072  0 
 3568.0  45.3485   18.7201  0 
 3568.8  44.0668   18.6123  0 
 3569.6  42.0971   18.3932  0 
 3570.4  41.3287   18.3192  0 
 3571.2  41.1702   18.4331  0 
 3572.0  41.5951   18.6025  0 
 3572.8  43.1187   18.5301  0 
 3573.6  47.0952   18.5574  0 
 3574.4  47.6087   18.5863  0 
 3575.2  46.8902   18.5848  0 
 3576.0  46.3891   18.5344  0 
 3576.8  46.8094   18.4292  0 
 3577.6  44.1854   18.1986  0 
 3578.4  43.0242   17.9846  0 
 3579.2  42.2192   17.9026  0 
 3580.0  41.1012   17.8901  0 
 3580.8  39.4012   17.7299  0 
 3581.6  38.6216   17.5484  0 
 3582.4  38.2815   17.4595  0 
 3583.2  38.6297   17.3205  0 
 3584.0  38.7807   17.1664  0 
 3584.8   36.955   17.1806  0 
 3585.6  37.4146   17.2297  0 
 3586.4  38.0058   17.2576  0 
 3587.2  38.4944   17.2628  0 
 3588.0  39.3661   17.3223  0 
 3588.8  41.6488   17.5712  0 
 3589.6  43.3489   17.7537  0 
 3590.4  45.3422    17.868  0 
 3591.2  47.4046   17.9822  0 
 3592.0  49.4667   18.1722  0 
 3592.8  51.5064   18.5181  0 
 3593.6  50.2467   18.9693  0 
 3594.4  48.5253    18.921  0 
 3595.2  48.0556   18.6247  0 
 3596.0  49.7971   18.3888  0 
 3596.8  53.9411   18.5524  0 
 3597.6  53.8483   18.5144  0 
 3598.4  54.7385   18.4198  0 
 3599.2   55.676   18.3923  0 
 3600.0  55.9746   18.3892  0 
 3600.8  55.1609   18.2528  0 
 3601.6   54.234   18.1354  0 
 3602.4  52.2394   17.9163  0 
 3603.2  50.1527   17.7174  0 
 3604.0  48.3465    17.595  0 
 3604.8  46.8218   17.5507  0 
 3605.6  46.8696    17.341  0 
 3606.4  47.1878   17.4165  0 
 3607.2  47.2519   17.4309  0 
 3608.0  46.4515   17.2939  0 
 3608.8  44.3052   17.0931  0 
 3609.6  45.4425   17.0371  0 
 3610.4  47.0906   17.1855  0 
 3611.2  48.6595   17.3541  0 
 3612.0  49.6501   17.4987  0 
 3612.8  49.7208   17.6672  0 
 3613.6  51.0888   17.9722  0 
 3614.4  49.9919   18.0156  0 
 3615.2  49.2904   17.9981  0 
 3616.0  49.2671   17.9786  0 
 3616.8   48.616   17.9257  0 
 3617.6  46.8611   17.6934  0 
 3618.4  45.4583   17.4688  0 
 3619.2  45.4628   17.4133  0 
 3620.0  47.3013   17.5421  0 
 3620.8   50.755   17.7625  0 
 3621.6  51.2556   17.7355  0 
 3622.4   51.968    17.767  0 
 3623.2  53.2907   17.8643  0 
 3624.0  55.3556   18.0157  0 
 3624.8   57.937   18.1883  0 
 3625.6  57.4481   18.2309  0 
 3626.4   57.547   18.2687  0 
 3627.2  58.5909   18.3636  0 
 3628.0  59.2726   18.4238  0 
 3628.8  57.5303   18.2858  0 
 3629.6  55.4746   18.0985  0 
 3630.4  53.1813   17.9404  0 
 3631.2  50.2059   17.7394  0 
 3632.0  47.8813   17.5681  0 
 3632.8   48.312   17.5689  0 
 3633.6  49.8095   17.7033  0 
 3634.4  49.8242   17.7646  0 
 3635.2  50.5622   17.7552  0 
 3636.0  52.0092   17.7154  0 
 3636.8     53.1   17.7116  0 
 3637.6  54.7987   17.8433  0 
 3638.4  53.6627   17.8213  0 
 3639.2  54.1328   17.8567  0 
 3640.0  56.5055   17.9192  0 
 3640.8  58.7558   17.8639  0 
 3641.6  56.2705   17.6721  0 
 3642.4  54.0363   17.5715  0 
 3643.2  52.9244   17.4714  0 
 3644.0  52.3465   17.3523  0 
 3644.8   51.174   17.2289  0 
 3645.6  51.2573   17.1196  0 
 3646.4  48.5908   16.9746  0 
 3647.2  47.1354   16.8483  0 
 3648.0  47.2646    16.799  0 
 3648.8   47.772    16.877  0 
 3649.6  49.1582   17.0221  0 
 3650.4  51.0203   17.0522  0 
 3651.2  53.4411   17.1766  0 
 3652.0  55.5933   17.3428  0 
 3652.8  56.4619   17.3947  0 
 3653.6  57.9807   17.3903  0 
 3654.4  59.2323   17.4393  0 
 3655.2  60.0616   17.4461  0 
 3656.0   60.462   17.4106  0 
 3656.8  60.5352   17.3827  0 
 3657.6  60.6058   17.4878  0 
 3658.4  61.6686   17.5388  0 
 3659.2  62.0787   17.5138  0 
 3660.0  61.7776   17.4602  0 
 3660.8  61.2791   17.4407  0 
 3661.6  59.8595   17.3321  0 
 3662.4  59.2193   17.1873  0 
 3663.2  59.0754   17.0728  0 
 3664.0  58.4741   16.9512  0 
 3664.8  56.6958   16.7648  0 
 3665.6  58.2841   16.6837  0 
 3666.4  58.4327   16.6333  0 
 3667.2  58.0071   16.6046  0 
 3668.0  57.3385   16.5548  0 
 3668.8  56.5633   16.4452  0 
 3669.6  55.5846   16.4071  0 
 3670.4  56.5901   16.4766  0 
 3671.2  57.9682   16.5816  0 
 3672.0  59.1572     16.64  0 
 3672.8  59.8753   16.5873  0 
 3673.6  59.0455   16.5648  0 
 3674.4  60.5417   16.5395  0 
 3675.2  59.8275   16.3747  0 
 3676.0  57.9576    16.178  0 
 3676.8  57.5091   16.1144  0 
 3677.6  56.2831   16.0503  0 
 3678.4  53.7816   15.8232  0 
 3679.2  52.0911   15.6825  0 
 3680.0  51.6074   15.6566  0 
 3680.8  52.1491   15.7021  0 
 3681.6   53.957    15.843  0 
 3682.4  55.4701   15.8685  0 
 3683.2  54.3788    15.776  0 
 3684.0  52.4574   15.6682  0 
 3684.8  52.3814   15.6508  0 
 3685.6  52.5741   15.5444  0 
 3686.4  50.7945   15.3952  0 
 3687.2   49.799   15.3501  0 
 3688.0  50.1734   15.3883  0 
 3688.8  51.7118   15.4452  0 
 3689.6  53.8207   15.5647  0 
 3690.4  56.1577   15.6859  0 
 3691.2  58.1639    15.847  0 
 3692.0  59.5567   15.9579  0 
 3692.8  59.9776   15.9123  0 
 3693.6  57.7021   15.7629  0 
 3694.4  56.7712   15.8048  0 
 3695.2  56.7017   15.9378  0 
 3696.0   57.311    16.065  0 
 3696.8  58.3459   16.1087  0 
 3697.6  58.8169    16.135  0 
 3698.4  59.0112   16.2423  0 
 3699.2   59.836   16.2238  0 
 3700.0  60.6642   16.1085  0 
 3700.8  60.5182   15.9788  0 
 3701.6  58.9946   15.7966  0 
 3702.4  56.4155   15.6456  0 
 3703.2  54.2416   15.4754  0 
 3704.0  52.1729   15.2696  0 
 3704.8   49.558   15.0338  0 
 3705.6  46.5404    14.846  0 
 3706.4  47.1952   14.8377  0 
 3707.2  47.5812   14.8163  0 
 3708.0   47.265   14.7731  0 
 3708.8  46.9964   14.7526  0 
 3709.6  49.0947   14.8324  0 
 3710.4  50.9577   15.0069  0 
 3711.2  53.4771   15.1824  0 
 3712.0   56.225   15.3212  0 
 3712.8  58.5534   15.4104  0 
 3713.6  60.5203   15.4912  0 
 3714.4  61.5947   15.5191  0 
 3715.2  60.6769   15.4385  0 
 3716.0  58.3384   15.2332  0 
 3716.8  55.5246   14.9268  0 
 3717.6  52.5283   14.6714  0 
 3718.4  48.8867   14.3485  0 
 3719.2  44.4339   14.0883  0 
 3720.0  40.2744    13.898  0 
 3720.8  38.0339   13.7881  0 
 3721.6  40.6763   13.9599  0 
 3722.4    42.95   14.2008  0 
 3723.2  45.8897    14.493  0 
 3724.0   49.153      14.8  0 
 3724.8  51.9937   15.0568  0 
 3725.6  53.2217   15.0792  0 
 3726.4  53.5286   15.1059  0 
 3727.2  52.5782   15.0366  0 
 3728.0  51.2315   14.8973  0 
 3728.8  50.5962   14.7549  0 
 3729.6  51.6557   14.7276  0 
 3730.4  50.5506   14.6576  0 
 3731.2  48.0871   14.5214  0 
 3732.0  44.9809   14.3058  0 
 3732.8  41.8391   14.0229  0 
 3733.6  38.6415   13.7708  0 
 3734.4  35.5669   13.7342  0 
 3735.2  34.9286   13.7249  0 
 3736.0  36.4899   13.7688  0 
 3736.8  39.1298   13.9026  0 
 3737.6  40.5308   14.0439  0 
 3738.4  42.2076    14.168  0 
 3739.2   45.132   14.3098  0 
 3740.0  47.8907   14.4212  0 
 3740.8  49.1073   14.4485  0 
 3741.6  49.3536   14.3687  0 
 3742.4  48.1466   14.1343  0 
 3743.2  47.0551   13.9147  0 
 3744.0  45.5192   13.7261  0 
 3744.8  42.9662   13.5618  0 
 3745.6  40.1678   13.4405  0 
 3746.4  39.7398   13.4102  0 
 3747.2  40.0397   13.3971  0 
 3748.0  39.3231   13.3605  0 
 3748.8  36.9269   13.2883  0 
 3749.6  36.2936   13.2545  0 
 3750.4  39.7851   13.4357  0 
 3751.2   44.393    13.746  0 
 3752.0   47.749   14.0323  0 
 3752.8  48.6645    14.179  0 
 3753.6  49.6947   14.2408  0 
 3754.4  51.9136   14.2777  0 
 3755.2  52.9334   14.2254  0 
 3756.0  52.3409   14.0864  0 
 3756.8  50.2738   13.8748  0 
 3757.6  47.4033   13.5889  0 
 3758.4  45.7224   13.4178  0 
 3759.2  44.6122   13.3299  0 
 3760.0  44.6794   13.3365  0 
 3760.8   46.077   13.4238  0 
 3761.6  46.9919   13.4868  0 
 3762.4  45.9115   13.4202  0 
 3763.2  45.8406   13.3792  0 
 3764.0  46.0994   13.3473  0 
 3764.8  46.2427   13.3204  0 
 3765.6  48.4294   13.4236  0 
 3766.4  47.4034     13.36  0 
 3767.2  46.7908    13.355  0 
 3768.0  47.3954   13.3836  0 
 3768.8  49.1286    13.418  0 
 3769.6  50.4714   13.5361  0 
 3770.4  50.2594   13.7119  0 
 3771.2  51.2167   13.7943  0 
 3772.0  52.1956   13.7636  0 
 3772.8  52.2936    13.664  0 
 3773.6  52.8542   13.6691  0 
 3774.4  54.5143   13.8202  0 
 3775.2  53.8583   13.8266  0 
 3776.0  52.6653   13.7598  0 
 3776.8  52.7307   13.7222  0 
 3777.6   54.079   13.7744  0 
 3778.4  54.8927   13.8048  0 
 3779.2  55.2681   13.8467  0 
 3780.0  55.7105   13.8728  0 
 3780.8  56.3909   13.8593  0 
 3781.6  56.4002   13.8067  0 
 3782.4   57.975   13.8819  0 
 3783.2  57.6829   13.8178  0 
 3784.0   56.397   13.7049  0 
 3784.8  54.9359   13.6106  0 
 3785.6  52.5496   13.4269  0 
 3786.4  49.4204    13.232  0 
 3787.2  47.5015   13.0521  0 
 3788.0  46.7524   12.9386  0 
 3788.8  46.5208    12.916  0 
 3789.6  45.1887   12.9438  0 
 3790.4  45.6519   12.9723  0 
 3791.2  46.2492   12.8847  0 
 3792.0  46.2082   12.7985  0 
 3792.8  45.0191    12.766  0 
 3793.6  42.4518   12.6173  0 
 3794.4  41.7441   12.4686  0 
 3795.2  41.8276   12.4004  0 
 3796.0  42.0319   12.3566  0 
 3796.8  41.8053   12.2984  0 
 3797.6  40.7421   12.2617  0 
 3798.4  39.9249   12.2551  0 
 3799.2  40.4086   12.2625  0 
 3800.0  41.5053   12.3255  0 
 3800.8  42.7903   12.4597  0 
 3801.6  44.8779   12.6178  0 
 3802.4  47.0051   12.6891  0 
 3803.2  48.1915   12.7027  0 
 3804.0  48.4452   12.6987  0 
 3804.8  47.8231   12.6896  0 
 3805.6  46.1798   12.6225  0 
 3806.4  45.8463   12.5724  0 
 3807.2  45.7893   12.5272  0 
 3808.0   45.919   12.5469  0 
 3808.8  46.5021   12.6511  0 
 3809.6  48.4848   12.7686  0 
 3810.4  49.8291   12.8187  0 
 3811.2   48.529   12.7755  0 
 3812.0  46.3746   12.6633  0 
 3812.8  44.3659   12.4993  0 
 3813.6  41.2296   12.2711  0 
 3814.4  38.6552   12.0929  0 
 3815.2  37.9231   11.9576  0 
 3816.0  37.9868   11.8823  0 
 3816.8  38.1631    11.868  0 
 3817.6  38.8579   11.8845  0 
 3818.4  39.0622   11.8548  0 
 3819.2  37.7438   11.7127  0 
 3820.0  36.4092   11.5736  0 
 3820.8  36.1028   11.5285  0 
 3821.6  36.7479    11.608  0 
 3822.4  37.2522   11.6667  0 
 3823.2  36.6712   11.7434  0 
 3824.0   35.262   11.6794  0 
 3824.8  33.6834   11.4782  0 
 3825.6  33.2092   11.4612  0 
 3826.4  32.3217   11.5613  0 
 3827.2  32.1741   11.6201  0 
 3828.0  32.9424   11.6858  0 
 3828.8  34.2826   11.7645  0 
 3829.6  35.0511   11.7656  0 
 3830.4  34.9546   11.7166  0 
 3831.2  34.0522   11.6087  0 
 3832.0  33.2212    11.521  0 
 3832.8  32.6561   11.4699  0 
 3833.6  31.3024   11.3562  0 
 3834.4  31.1546   11.3454  0 
 3835.2  32.2943   11.5591  0 
 3836.0  33.2852   11.7655  0 
 3836.8  33.4946   11.8785  0 
 3837.6  33.6986   12.0787  0 
 3838.4  34.5317   12.0695  0 
 3839.2  33.7337   12.0958  0 
 3840.0  33.6569   12.0891  0 
 3840.8  35.4579   12.0529  0 
 3841.6  38.1677   12.1292  0 
 3842.4  39.3043   12.4488  0 
 3843.2  39.7497   12.6674  0 
 3844.0  40.3947   12.4595  0 
 3844.8  41.1371   11.9234  0 
 3845.6   40.327   11.7995  0 
 3846.4  40.9706   12.0774  0 
 3847.2   40.654   12.2026  0 
 3848.0  40.3936   12.2694  0 
 3848.8  40.5643   12.3016  0 
 3849.6  40.4132   12.1782  0 
 3850.4  39.8747   11.9516  0 
 3851.2   39.815   11.7642  0 
 3852.0  40.4789    11.653  0 
 3852.8   41.336   11.5902  0 
 3853.6  40.7621   11.4615  0 
 3854.4  38.5118   11.2815  0 
 3855.2  37.4041    11.171  0 
 3856.0  37.8708   11.1308  0 
 3856.8  39.2156   11.1768  0 
 3857.6  39.2986   11.3549  0 
 3858.4   37.734   11.8296  0 
 3859.2  37.2563   12.1609  0 
 3860.0  36.9465   12.2779  0 
 3860.8  37.0595   12.1611  0 
 3861.6  39.5778   11.8371  0 
 3862.4  41.9048   11.4852  0 
 3863.2  42.6192   11.3849  0 
 3864.0  42.3921   11.3871  0 
 3864.8  41.7845   11.3794  0 
 3865.6  41.1485   11.3079  0 
 3866.4  39.9373   11.2078  0 
 3867.2  39.5819   11.1724  0 
 3868.0  39.5802   11.1194  0 
 3868.8  39.5604    11.029  0 
 3869.6  39.3538   10.9625  0 
 3870.4  38.2377   10.8929  0 
 3871.2  37.7336   10.8752  0 
 3872.0  37.6477   10.9272  0 
 3872.8  38.0779   11.0178  0 
 3873.6   39.518   11.0593  0 
 3874.4  42.5258   11.2131  0 
 3875.2  44.0409    11.271  0 
 3876.0  43.9678   11.2229  0 
 3876.8  42.5589    11.094  0 
 3877.6   40.399   10.9445  0 
 3878.4   39.362   10.8186  0 
 3879.2  39.0132   10.7483  0 
 3880.0  38.8998   10.7291  0 
 3880.8  38.7845   10.7328  0 
 3881.6   38.667   10.7056  0 
 3882.4  39.2488   10.6823  0 
 3883.2  41.0504   10.7679  0 
 3884.0  42.3342   10.8596  0 
 3884.8   42.071   10.8821  0 
 3885.6  39.9895   10.7906  0 
 3886.4   39.524   10.7493  0 
 3887.2  40.5789   10.7877  0 
 3888.0   41.735   10.8377  0 
 3888.8  42.5619   10.8855  0 
 3889.6  43.6458   10.9729  0 
 3890.4  46.8978   11.1713  0 
 3891.2  50.0278   11.4174  0 
 3892.0  51.6345   11.5907  0 
 3892.8  51.3934   11.6763  0 
 3893.6  50.0498    11.765  0 
 3894.4  49.6173   12.3156  0 
 3895.2  49.6207   12.2962  0 
 3896.0  50.1388     11.99  0 
 3896.8  51.0216   11.6732  0 
 3897.6  51.8844   11.6131  0 
 3898.4  49.7943   11.4636  0 
 3899.2  49.6853   11.4454  0 
 3900.0  49.8828   11.4384  0 
 3900.8  50.0409   11.4179  0 
 3901.6  51.0091   11.4459  0 
 3902.4  51.8335   11.5433  0 
 3903.2  50.5194   11.5086  0 
 3904.0  48.4349   11.4679  0 
 3904.8  46.5668   11.5181  0 
 3905.6  45.6028   11.7239  0 
 3906.4  47.7544   11.5919  0 
 3907.2  49.9668   11.6253  0 
 3908.0   51.803   11.6955  0 
 3908.8  53.3384   11.7449  0 
 3909.6  55.0535   11.7753  0 
 3910.4  55.1216   11.8302  0 
 3911.2  56.1503   11.8595  0 
 3912.0  56.7452   11.8378  0 
 3912.8  56.7196   11.8029  0 
 3913.6  56.8265   11.8387  0 
 3914.4  55.1218   11.7055  0 
 3915.2  54.2585   11.5789  0 
 3916.0  53.4842    11.485  0 
 3916.8  52.7058   11.4274  0 
 3917.6  52.3004   11.3883  0 
 3918.4  50.7083   11.1917  0 
 3919.2  49.1144   11.0179  0 
 3920.0  47.3672   10.8804  0 
 3920.8  45.6855     10.79  0 
 3921.6  44.5729   10.7542  0 
 3922.4   44.466   10.7581  0 
 3923.2  45.0665    10.764  0 
 3924.0  45.2325    10.723  0 
 3924.8  44.8878   10.6336  0 
 3925.6  44.6605   10.5286  0 
 3926.4  42.4331   10.3743  0 
 3927.2  38.3225   10.0462  0 
 3928.0  34.3457   9.72774  0 
 3928.8  30.6845   9.46552  0 
 3929.6  26.3469   9.21728  0 
 3930.4  23.5776   9.12683  0 
 3931.2  23.2163   8.90724  0 
 3932.0  23.4292   8.76756  0 
 3932.8  23.6226   8.76303  0 
 3933.6  23.9734   8.84279  0 
 3934.4  23.8376   8.93907  0 
 3935.2  24.9042   9.17235  0 
 3936.0  26.8968   9.42492  0 
 3936.8  29.5644   9.66352  0 
 3937.6  32.6301   9.90514  0 
 3938.4  35.8069   10.0942  0 
 3939.2  38.6146   10.2493  0 
 3940.0  40.7757   10.3556  0 
 3940.8  42.0049   10.4093  0 
 3941.6  42.0323   10.4155  0 
 3942.4  40.5285   10.3821  0 
 3943.2  40.2163   10.3486  0 
 3944.0  40.9017   10.3717  0 
 3944.8  42.7547   10.4784  0 
 3945.6  46.0223   10.6699  0 
 3946.4   48.951   10.8296  0 
 3947.2  50.1259   10.9126  0 
 3948.0  51.0576   10.9606  0 
 3948.8  52.3448   11.0042  0 
 3949.6  54.0197   11.0653  0 
 3950.4  54.9734   11.0861  0 
 3951.2   54.639   11.0633  0 
 3952.0   53.827   11.0252  0 
 3952.8  53.6264   11.0101  0 
 3953.6  55.1111   11.0529  0 
 3954.4  55.7663   11.0242  0 
 3955.2   54.142    10.936  0 
 3956.0  52.6454   10.8277  0 
 3956.8  51.9941   10.7515  0 
 3957.6  51.9715   10.7565  0 
 3958.4  51.7878   10.7089  0 
 3959.2  50.1562   10.5288  0 
 3960.0  47.0256   10.2724  0 
 3960.8  42.8737   9.97946  0 
 3961.6  38.5973   9.68817  0 
 3962.4   36.074   9.48021  0 
 3963.2  33.7826   9.27795  0 
 3964.0  32.0924   9.09149  0 
 3964.8  30.3968   8.90536  0 
 3965.6  27.7458   8.69909  0 
 3966.4  25.6708   8.57366  0 
 3967.2  24.0318   8.52067  0 
 3968.0  23.3443   8.50526  0 
 3968.8   23.807   8.54617  0 
 3969.6  25.4061   8.68128  0 
 3970.4  27.9984   8.89235  0 
 3971.2  30.7304   9.17584  0 
 3972.0  33.7625    9.4486  0 
 3972.8  37.1957   9.70513  0 
 3973.6  41.0579   9.96884  0 
 3974.4  45.0082   10.1734  0 
 3975.2  47.8272   10.3297  0 
 3976.0  49.2697    10.442  0 
 3976.8   50.451   10.5547  0 
 3977.6  52.9538   10.7241  0 
 3978.4  55.8872   10.9079  0 
 3979.2  57.6528   10.9827  0 
 3980.0  58.6337     11.02  0 
 3980.8  58.7492   11.0341  0 
 3981.6  57.9234   11.0148  0 
 3982.4  57.8022   10.9201  0 
 3983.2  58.3934   10.9091  0 
 3984.0  58.5809   10.9399  0 
 3984.8  58.5117   10.9859  0 
 3985.6  58.8269   11.0259  0 
 3986.4  59.7278   11.0592  0 
 3987.2  61.0534   11.0881  0 
 3988.0  62.1974   11.1156  0 
 3988.8  62.7747   11.1261  0 
 3989.6  62.6402   11.1081  0 
 3990.4  63.0379   11.1569  0 
 3991.2  64.5016    11.228  0 
 3992.0  65.8192   11.2708  0 
 3992.8  66.5453   11.2787  0 
 3993.6  66.5273   11.2592  0 
 3994.4  65.5189   11.1786  0 
 3995.2  63.2983   11.0794  0 
 3996.0  62.0854     11.04  0 
 3996.8  62.0019    11.063  0 
 3997.6   62.418   11.1197  0 
 3998.4  63.3462    11.182  0 
 3999.2  65.3013    11.227  0 
 4000.0   66.974   11.2931  0 
 4000.8  67.9325   11.3555  0 
 4001.6  68.2376   11.3742  0 
 4002.4  69.3473   11.3696  0 
 4003.2  68.2134   11.2746  0 
 4004.0  65.5554   11.1383  0 
 4004.8   62.708   11.0178  0 
 4005.6  61.0807   10.9649  0 
 4006.4  60.4616   10.9597  0 
 4007.2  63.1173   11.1073  0 
 4008.0   65.997   11.2499  0 
 4008.8  67.8537   11.3376  0 
 4009.6  68.1539   11.3518  0 
 4010.4  67.2826   11.2338  0 
 4011.2  68.0604   11.2951  0 
 4012.0   68.612   11.3487  0 
 4012.8  69.1593   11.3493  0 
 4013.6  70.3396   11.3105  0 
 4014.4   71.007   11.3441  0 
 4015.2  71.1973   11.3798  0 
 4016.0  70.9892   11.3726  0 
 4016.8  70.4174   11.3406  0 
 4017.6  69.7322   11.3213  0 
 4018.4  70.6439   11.3399  0 
 4019.2  71.8269   11.3635  0 
 4020.0   71.836   11.3382  0 
 4020.8  70.9122   11.2852  0 
 4021.6  69.8202   11.2386  0 
 4022.4  69.1673   11.1565  0 
 4023.2  68.5855   11.0938  0 
 4024.0  68.6646   11.0908  0 
 4024.8  69.4665   11.1258  0 
 4025.6  70.8153   11.1593  0 
 4026.4   72.222   11.1664  0 
 4027.2  72.9228   11.1904  0 
 4028.0  72.5187   11.1667  0 
 4028.8  70.4948   11.0668  0 
 4029.6  66.6993   10.8838  0 
 4030.4  62.8538   10.6616  0 
 4031.2   59.657   10.4967  0 
 4032.0  58.4553   10.4537  0 
 4032.8  58.6322   10.4784  0 
 4033.6  59.2173   10.5021  0 
 4034.4  60.7023   10.5829  0 
 4035.2  63.7005    10.732  0 
 4036.0   67.318   10.9244  0 
 4036.8  70.6132   11.1072  0 
 4037.6   72.835   11.2307  0 
 4038.4  74.3593   11.3045  0 
 4039.2  73.3499   11.2466  0 
 4040.0  72.5247   11.1834  0 
 4040.8  71.9086   11.1184  0 
 4041.6  71.0294    11.035  0 
 4042.4  70.1885     10.96  0 
 4043.2  66.7223   10.7637  0 
 4044.0  61.3596   10.5215  0 
 4044.8  56.0299   10.2841  0 
 4045.6  53.0411   10.1218  0 
 4046.4   55.238   10.2371  0 
 4047.2  60.6909   10.5047  0 
 4048.0  65.2745   10.7439  0 
 4048.8   68.169   10.8848  0 
 4049.6  69.5828   10.9089  0 
 4050.4  70.8405   10.9083  0 
 4051.2  70.8328   10.8897  0 
 4052.0  70.0143   10.8341  0 
 4052.8   68.527   10.7331  0 
 4053.6  66.6971   10.5982  0 
 4054.4  65.8558   10.5145  0 
 4055.2  65.5132    10.489  0 
 4056.0    64.04   10.4175  0 
 4056.8  62.4521   10.3667  0 
 4057.6   61.986      10.4  0 
 4058.4   62.458   10.4138  0 
 4059.2  63.5436   10.4616  0 
 4060.0  64.8422   10.5335  0 
 4060.8  65.3261   10.5584  0 
 4061.6   63.858   10.4655  0 
 4062.4  59.0564    10.222  0 
 4063.2  55.3199   10.0328  0 
 4064.0  54.9123    10.004  0 
 4064.8  57.1921   10.1098  0 
 4065.6  60.5733   10.2687  0 
 4066.4  62.3506   10.2944  0 
 4067.2  63.7706    10.344  0 
 4068.0  65.6592   10.4463  0 
 4068.8  67.0683   10.5461  0 
 4069.6  67.0229   10.5692  0 
 4070.4  65.5262    10.417  0 
 4071.2  62.1403   10.1932  0 
 4072.0  61.6087   10.2132  0 
 4072.8   63.073   10.3597  0 
 4073.6   64.643   10.4561  0 
 4074.4  64.4221   10.3956  0 
 4075.2  62.2909   10.2036  0 
 4076.0  59.1876   10.0547  0 
 4076.8  56.9339   10.0466  0 
 4077.6   57.105   10.2098  0 
 4078.4   60.133   10.4027  0 
 4079.2  63.3891     10.57  0 
 4080.0  66.4402   10.6818  0 
 4080.8  68.6835   10.7462  0 
 4081.6  69.6362   10.7662  0 
 4082.4  69.1135    10.693  0 
 4083.2  67.3309   10.5102  0 
 4084.0  66.1093   10.3774  0 
 4084.8  65.8325   10.3141  0 
 4085.6  66.5868    10.323  0 
 4086.4  68.3788    10.438  0 
 4087.2  71.6148   10.5415  0 
 4088.0  73.8955   10.6339  0 
 4088.8  74.6664   10.6725  0 
 4089.6  73.8841   10.6334  0 
 4090.4   72.024   10.5623  0 
 4091.2  70.3764    10.446  0 
 4092.0  69.8377   10.3639  0 
 4092.8  69.9943   10.3299  0 
 4093.6  70.1206   10.3193  0 
 4094.4  69.1093   10.2161  0 
 4095.2  65.3516   10.0033  0 
 4096.0  62.1318   9.83991  0 
 4096.8  60.3175   9.75544  0 
 4097.6  59.8725   9.73777  0 
 4098.4  59.1755   9.71094  0 
 4099.2  58.2941   9.63474  0 
 4100.0   56.323   9.50242  0 
 4100.8  54.0681   9.35105  0 
 4101.6  52.7236   9.24972  0 
 4102.4  54.1159   9.35282  0 
 4103.2  56.3443   9.46288  0 
 4104.0  59.0543    9.5983  0 
 4104.8  61.7732   9.74531  0 
 4105.6  64.2307   9.89263  0 
 4106.4  66.7487   10.0477  0 
 4107.2   66.423   10.0181  0 
 4108.0  65.2516   9.94585  0 
 4108.8  63.9792   9.84705  0 
 4109.6  62.8324   9.74015  0 
 4110.4  60.9936   9.68713  0 
 4111.2  61.0251   9.69727  0 
 4112.0  61.2506   9.72331  0 
 4112.8  62.2634   9.78121  0 
 4113.6  64.4118   9.87158  0 
 4114.4  66.9271   9.94162  0 
 4115.2  66.8968   9.92219  0 
 4116.0  66.6726   9.92015  0 
 4116.8  66.1393   9.90081  0 
 4117.6   65.246   9.84418  0 
 4118.4  64.6863   9.79928  0 
 4119.2  63.2052   9.76793  0 
 4120.0  63.6608   9.79894  0 
 4120.8  64.5385   9.82914  0 
 4121.6  64.5405   9.81326  0 
 4122.4  63.8247   9.77052  0 
 4123.2   65.098   9.78799  0 
 4124.0  65.9803   9.83023  0 
 4124.8  66.7347    9.8724  0 
 4125.6   67.177   9.88434  0 
 4126.4  65.4513   9.81688  0 
 4127.2  64.2627   9.70459  0 
 4128.0  63.0265   9.61884  0 
 4128.8  62.1029   9.54989  0 
 4129.6  61.5243   9.48259  0 
 4130.4  60.4347   9.40534  0 
 4131.2  59.4202   9.40873  0 
 4132.0   58.011   9.37383  0 
 4132.8  57.3669   9.34811  0 
 4133.6  58.0082   9.36612  0 
 4134.4  58.9236   9.41032  0 
 4135.2  61.4083   9.55137  0 
 4136.0  63.8016   9.65729  0 
 4136.8  65.4528   9.71845  0 
 4137.6  66.3334   9.74105  0 
 4138.4  67.4793   9.74069  0 
 4139.2  66.7967   9.67202  0 
 4140.0  65.8769   9.59894  0 
 4140.8  64.4462   9.50445  0 
 4141.6  61.9476   9.36617  0 
 4142.4  57.3918   9.15732  0 
 4143.2  53.2131   9.00399  0 
 4144.0  53.1678   9.01287  0 
 4144.8  55.8569   9.12775  0 
 4145.6  59.3294   9.26616  0 
 4146.4  61.2709   9.31645  0 
 4147.2  62.5981   9.35732  0 
 4148.0  62.6719   9.33318  0 
 4148.8  61.5002   9.26669  0 
 4149.6  59.5762   9.18597  0 
 4150.4  58.1685    9.1194  0 
 4151.2  58.6396   9.14867  0 
 4152.0   58.557   9.16591  0 
 4152.8  58.3932   9.18449  0 
 4153.6  58.9107   9.23031  0 
 4154.4   61.172   9.34237  0 
 4155.2  71.4179   9.99453  0 
 4156.0  71.8817   10.1948  0 
 4156.8  61.0037   9.44555  0 
 4157.6  46.7686   8.18995  0 
 4158.4    52.21   8.43455  0 
 4159.2  61.3141   9.24599  0 
 4160.0    64.95   9.54333  0 
 4160.8  65.3479   9.55888  0 
 4161.6  64.8496   9.51679  0 
 4162.4  65.0321   9.51978  0 
 4163.2  65.2294   9.50528  0 
 4164.0  64.2443   9.46479  0 
 4164.8  62.7695   9.40591  0 
 4165.6  61.3391   9.32579  0 
 4166.4  60.1101   9.20201  0 
 4167.2  59.0923   9.13303  0 
 4168.0  59.3815   9.14715  0 
 4168.8  60.3375   9.18306  0 
 4169.6  61.1081   9.19457  0 
 4170.4  60.5899   9.16202  0 
 4171.2  57.8391   9.01776  0 
 4172.0  55.0992   8.88081  0 
 4172.8  53.6821   8.79401  0 
 4173.6  53.9167   8.77857  0 
 4174.4  54.8169    8.8323  0 
 4175.2  56.9063   8.92315  0 
 4176.0  57.9598   8.94211  0 
 4176.8  57.7629   8.91467  0 
 4177.6  56.9444   8.87524  0 
 4178.4  57.2315   8.86475  0 
 4179.2  58.6892   8.92786  0 
 4180.0  59.1117   8.93052  0 
 4180.8  58.8793   8.91864  0 
 4181.6  58.7392   8.92662  0 
 4182.4  59.8594   8.96701  0 
 4183.2  61.4873    9.0148  0 
 4184.0  62.9828   9.07949  0 
 4184.8  63.9002   9.10487  0 
 4185.6  63.5367   9.06032  0 
 4186.4   60.775   8.94828  0 
 4187.2  59.3016   8.85553  0 
 4188.0  59.1274   8.84572  0 
 4188.8  60.1468   8.90537  0 
 4189.6  61.6789   8.98055  0 
 4190.4   62.314   8.96731  0 
 4191.2  62.5967   8.97915  0 
 4192.0  63.5421   9.01729  0 
 4192.8  64.3881    9.0274  0 
 4193.6  64.2055   8.97473  0 
 4194.4  61.8601    8.8478  0 
 4195.2  57.9056   8.65688  0 
 4196.0  56.1467   8.54813  0 
 4196.8  55.7853   8.51211  0 
 4197.6  55.9427   8.51578  0 
 4198.4   55.734   8.50157  0 
 4199.2  56.3367    8.5181  0 
 4200.0  56.3122   8.53071  0 
 4200.8  56.1743   8.54116  0 
 4201.6  56.1805   8.55298  0 
 4202.4  56.2718   8.57121  0 
 4203.2  58.5387   8.71073  0 
 4204.0  61.1009   9.06065  0 
 4204.8  62.6616   9.41468  0 
 4205.6  63.5943   9.64897  0 
 4206.4  66.0943   9.73141  0 
 4207.2  66.6598   9.30241  0 
 4208.0  66.5158   9.04307  0 
 4208.8  66.1001   8.93103  0 
 4209.6  65.1864   8.88161  0 
 4210.4  62.8484   8.74932  0 
 4211.2  63.5632   8.77276  0 
 4212.0  63.9177   8.77823  0 
 4212.8  63.1681   8.73042  0 
 4213.6  61.1887   8.63166  0 
 4214.4  58.4738   8.52199  0 
 4215.2  57.2912   8.47851  0 
 4216.0  58.9378   8.55395  0 
 4216.8  62.8094   8.71219  0 
 4217.6  67.3168   8.89033  0 
 4218.4  69.9145   8.99951  0 
 4219.2  70.0573   8.99859  0 
 4220.0  70.5935   8.99532  0 
 4220.8  70.1297   8.93872  0 
 4221.6  68.0994   8.81377  0 
 4222.4  64.7244   8.64062  0 
 4223.2  60.4768   8.57543  0 
 4224.0   54.938   8.26563  0 
 4224.8  49.6919   7.91547  0 
 4225.6  45.4515   7.64171  0 
 4226.4  42.1838   7.48435  0 
 4227.2   44.691   7.68113  0 
 4228.0  51.4871   8.28987  0 
 4228.8  58.0523   8.66507  0 
 4229.6  62.7156   8.69038  0 
 4230.4  66.2659   8.71069  0 
 4231.2  67.6337   8.73603  0 
 4232.0  66.9592   8.68566  0 
 4232.8  65.3724   8.61079  0 
 4233.6  63.7213   8.53801  0 
 4234.4  62.6166   8.47328  0 
 4235.2  61.0948   8.38509  0 
 4236.0  60.6376   8.36382  0 
 4236.8  61.0415   8.39039  0 
 4237.6  61.9421   8.44031  0 
 4238.4  62.8332   8.48393  0 
 4239.2  63.8591   8.52558  0 
 4240.0  65.4156   8.58913  0 
 4240.8  66.6599   8.64161  0 
 4241.6  67.7316   8.68823  0 
 4242.4  69.5057   8.76235  0 
 4243.2  71.0872   8.81322  0 
 4244.0  73.1424   8.89105  0 
 4244.8  74.1236   8.92061  0 
 4245.6  73.1092   8.85843  0 
 4246.4  69.7272   8.68837  0 
 4247.2  65.9586   8.49885  0 
 4248.0  63.4849   8.37479  0 
 4248.8  61.9597   8.29207  0 
 4249.6  60.6849   8.22848  0 
 4250.4  58.7819   8.16542  0 
 4251.2  59.1819   8.21276  0 
 4252.0  60.5989   8.24939  0 
 4252.8  61.1902   8.25052  0 
 4253.6   60.603   8.21713  0 
 4254.4  59.6095   8.17257  0 
 4255.2  60.9577     8.234  0 
 4256.0  63.9504   8.33522  0 
 4256.8  66.3216   8.40866  0 
 4257.6  66.7058   8.41661  0 
 4258.4  64.4157   8.34245  0 
 4259.2  60.7758   8.18722  0 
 4260.0  59.0544    8.1001  0 
 4260.8    59.05   8.10892  0 
 4261.6  60.8092   8.21446  0 
 4262.4  64.4208   8.39368  0 
 4263.2  68.8257   8.56216  0 
 4264.0  71.5062   8.66391  0 
 4264.8  72.8697   8.70698  0 
 4265.6   72.861   8.68316  0 
 4266.4  71.2549    8.5789  0 
 4267.2  69.1363    8.4307  0 
 4268.0  66.6933    8.2919  0 
 4268.8  63.6774   8.14847  0 
 4269.6  60.0531   7.98316  0 
 4270.4   55.957   7.78021  0 
 4271.2  51.9315   7.59363  0 
 4272.0  50.8519   7.56308  0 
 4272.8  51.6021   7.62292  0 
 4273.6  53.1322   7.71135  0 
 4274.4  54.4339   7.76959  0 
 4275.2  56.4545   7.84979  0 
 4276.0   60.124   8.01615  0 
 4276.8  64.3731   8.19483  0 
 4277.6  67.9645   8.32594  0 
 4278.4  69.5179   8.35716  0 
 4279.2  67.5406   8.25788  0 
 4280.0  65.4975   8.15481  0 
 4280.8  64.0469   8.09509  0 
 4281.6   63.228   8.08182  0 
 4282.4  62.8313   8.09422  0 
 4283.2  64.3971   8.13835  0 
 4284.0  64.2612   8.10801  0 
 4284.8  62.6586   8.00183  0 
 4285.6  60.7447   7.87745  0 
 4286.4  60.0548   7.81982  0 
 4287.2  59.4702    7.8048  0 
 4288.0  57.6383   7.71559  0 
 4288.8  54.9805    7.5965  0 
 4289.6  52.8964   7.51182  0 
 4290.4  53.2059   7.53437  0 
 4291.2    56.14   7.68978  0 
 4292.0  59.5838   7.83242  0 
 4292.8  61.9291   7.90966  0 
 4293.6  62.6291   7.91334  0 
 4294.4  61.7647   7.86095  0 
 4295.2  60.3154   7.78456  0 
 4296.0  58.7745   7.69953  0 
 4296.8  57.2067   7.60012  0 
 4297.6  54.9543    7.4641  0 
 4298.4  51.2174    7.2702  0 
 4299.2   47.501   7.09214  0 
 4300.0  46.3625   7.02789  0 
 4300.8  46.7764   7.03301  0 
 4301.6  47.8467   7.07754  0 
 4302.4  48.7229   7.13388  0 
 4303.2  49.4762   7.17526  0 
 4304.0  50.1222   7.20343  0 
 4304.8   49.955   7.19033  0 
 4305.6  48.6857   7.12031  0 
 4306.4  46.3885    6.9934  0 
 4307.2  44.6771   6.89823  0 
 4308.0  43.9445   6.87153  0 
 4308.8  44.7072   6.92279  0 
 4309.6  46.7281   7.07915  0 
 4310.4  49.3968   7.35264  0 
 4311.2  52.3093   7.57288  0 
 4312.0  55.5189   7.68152  0 
 4312.8  58.6698   7.81854  0 
 4313.6  61.8195   7.94309  0 
 4314.4  65.2433    7.9783  0 
 4315.2  69.7586   8.20109  0 
 4316.0  75.3063   8.42232  0 
 4316.8  79.5354   8.56587  0 
 4317.6  81.5058   8.60695  0 
 4318.4  81.0052   8.54895  0 
 4319.2  78.8377    8.4319  0 
 4320.0  75.6564   8.27767  0 
 4320.8  72.7832   8.14112  0 
 4321.6  70.2534   8.02016  0 
 4322.4  67.4835   7.88769  0 
 4323.2  62.6505   7.68465  0 
 4324.0  57.1721   7.45556  0 
 4324.8  53.3155   7.28913  0 
 4325.6  52.5605   7.26838  0 
 4326.4   55.907   7.45415  0 
 4327.2  63.7067   7.78255  0 
 4328.0  70.4992   8.06212  0 
 4328.8  74.1073    8.2093  0 
 4329.6  74.7886   8.22769  0 
 4330.4  73.9439   8.16779  0 
 4331.2  74.1028   8.15853  0 
 4332.0  74.9494    8.1856  0 
 4332.8  75.8441   8.20988  0 
 4333.6   76.813   8.23104  0 
 4334.4  77.9016   8.25513  0 
 4335.2  77.6813   8.24027  0 
 4336.0  74.1423    8.0744  0 
 4336.8  69.5078   7.86743  0 
 4337.6  64.4313   7.65603  0 
 4338.4  59.4289   7.46331  0 
 4339.2  57.1909   7.36686  0 
 4340.0  56.6888   7.31952  0 
 4340.8  58.4717   7.39774  0 
 4341.6   61.945   7.55996  0 
 4342.4  65.9423   7.72544  0 
 4343.2   68.538   7.82942  0 
 4344.0  70.2276   7.89289  0 
 4344.8  71.7235   7.95126  0 
 4345.6  73.0127   8.01202  0 
 4346.4  73.8676   8.06841  0 
 4347.2  73.9016   8.06977  0 
 4348.0  75.1633    8.0964  0 
 4348.8  75.9143   8.09144  0 
 4349.6  75.0307   8.02501  0 
 4350.4  71.7209   7.88043  0 
 4351.2  65.7523   7.65753  0 
 4352.0  63.7617   7.57006  0 
 4352.8  64.6233   7.60374  0 
 4353.6  67.0253   7.71105  0 
 4354.4  69.5946   7.83493  0 
 4355.2  71.6886   7.94958  0 
 4356.0  73.5357   8.02313  0 
 4356.8  74.4838    8.0561  0 
 4357.6  74.5149   8.05037  0 
 4358.4   73.814   8.01224  0 
 4359.2  72.4723   7.95708  0 
 4360.0  72.9936   7.95285  0 
 4360.8  74.9202   8.01125  0 
 4361.6  77.0175   8.08095  0 
 4362.4  78.0771   8.10606  0 
 4363.2  78.2767   8.10003  0 
 4364.0  79.6072   8.14721  0 
 4364.8  80.0371   8.15944  0 
 4365.6  78.8453   8.11024  0 
 4366.4  76.0121   7.99565  0 
 4367.2  73.1774    7.8371  0 
 4368.0  72.3584   7.79503  0 
 4368.8  72.3109    7.7983  0 
 4369.6  72.5293   7.80231  0 
 4370.4  72.6216    7.7796  0 
 4371.2   72.047   7.76473  0 
 4372.0  71.1964   7.72646  0 
 4372.8  70.1985   7.68418  0 
 4373.6  68.4355   7.62031  0 
 4374.4  65.9291   7.53639  0 
 4375.2  66.5174   7.56453  0 
 4376.0  67.7141   7.60316  0 
 4376.8  69.4999   7.66606  0 
 4377.6  71.5429   7.73538  0 
 4378.4  73.2595    7.7811  0 
 4379.2  73.2253   7.74662  0 
 4380.0    71.26    7.6366  0 
 4380.8  67.8516   7.47999  0 
 4381.6  63.0946    7.2645  0 
 4382.4  57.2251   6.99155  0 
 4383.2  51.0863    6.7463  0 
 4384.0  49.3308   6.70323  0 
 4384.8  52.2049   6.83097  0 
 4385.6  57.8992    7.0601  0 
 4386.4  63.8832   7.30045  0 
 4387.2  66.8679   7.42761  0 
 4388.0  67.5347   7.46313  0 
 4388.8  67.0016   7.45221  0 
 4389.6  66.2643    7.4299  0 
 4390.4  66.2532   7.42857  0 
 4391.2  67.6963   7.47522  0 
 4392.0  68.9529     7.515  0 
 4392.8  69.5929   7.53521  0 
 4393.6  69.3308   7.52029  0 
 4394.4  68.5194   7.48105  0 
 4395.2  69.8259   7.53086  0 
 4396.0  72.5466   7.64456  0 
 4396.8  74.8286   7.73244  0 
 4397.6  76.0228   7.77383  0 
 4398.4  75.6754   7.75665  0 
 4399.2  72.9981   7.64453  0 
 4400.0  69.6029    7.5011  0 
 4400.8  68.1405   7.43785  0 
 4401.6  67.8979   7.43013  0 
 4402.4  67.3258   7.41739  0 
 4403.2  63.8961   7.29352  0 
 4404.0  59.9254   7.14037  0 
 4404.8   57.875   7.04194  0 
 4405.6  58.4253    7.0357  0 
 4406.4   61.261   7.12643  0 
 4407.2  64.0083   7.24775  0 
 4408.0  65.7852   7.34607  0 
 4408.8  67.9361    7.4589  0 
 4409.6  70.7441   7.57224  0 
 4410.4  73.9546   7.66492  0 
 4411.2  76.0914   7.71501  0 
 4412.0  77.0904   7.75435  0 
 4412.8  76.0057    7.7217  0 
 4413.6  72.6799   7.59955  0 
 4414.4  67.8231   7.40685  0 
 4415.2  64.2866   7.24731  0 
 4416.0  65.3338   7.28262  0 
 4416.8  68.5833   7.40907  0 
 4417.6  71.7581   7.53778  0 
 4418.4  73.4769   7.60823  0 
 4419.2  75.0456   7.63914  0 
 4420.0  75.2115   7.59247  0 
 4420.8  73.2001   7.49978  0 
 4421.6  70.3605   7.40277  0 
 4422.4  68.1578   7.33667  0 
 4423.2  67.5855   7.31592  0 
 4424.0  68.0769   7.33766  0 
 4424.8  68.4453   7.39639  0 
 4425.6  68.7067    7.4601  0 
 4426.4  69.2509   7.48943  0 
 4427.2  71.1782   7.42861  0 
 4428.0  71.4228   7.41114  0 
 4428.8  71.2257   7.39995  0 
 4429.6  70.4771   7.37292  0 
 4430.4   69.459   7.32821  0 
 4431.2  69.9644   7.31438  0 
 4432.0  71.4051   7.33541  0 
 4432.8  71.0572   7.31776  0 
 4433.6  69.1217   7.26582  0 
 4434.4  66.6989    7.2031  0 
 4435.2  66.3551   7.17942  0 
 4436.0  68.0514   7.24448  0 
 4436.8  71.3666   7.37618  0 
 4437.6  75.2361   7.51837  0 
 4438.4  78.5189   7.61962  0 
 4439.2  79.9908   7.64554  0 
 4440.0  78.2794   7.57716  0 
 4440.8  75.5632   7.46761  0 
 4441.6  72.8273   7.36573  0 
 4442.4  71.0418   7.31346  0 
 4443.2  71.5669   7.34272  0 
 4444.0  75.2722   7.51809  0 
 4444.8  78.3609   7.68973  0 
 4445.6  79.8477   7.73296  0 
 4446.4  79.8157   7.63334  0 
 4447.2  80.0991   7.62076  0 
 4448.0    81.02   7.64065  0 
 4448.8  80.4954   7.60048  0 
 4449.6  79.6784   7.54831  0 
 4450.4  79.4051   7.52142  0 
 4451.2  79.1501   7.50511  0 
 4452.0  78.3142   7.46675  0 
 4452.8  75.9539   7.37115  0 
 4453.6  72.6813   7.24504  0 
 4454.4  69.4764   7.12351  0 
 4455.2  67.8662   7.04934  0 
 4456.0  68.2099   7.04822  0 
 4456.8   68.731    7.0691  0 
 4457.6  69.1487   7.08363  0 
 4458.4  69.3237   7.07919  0 
 4459.2  69.1339   7.07117  0 
 4460.0  68.0291   7.04862  0 
 4460.8  66.7689   7.01123  0 
 4461.6  66.7532   7.01807  0 
 4462.4  68.8173    7.1024  0 
 4463.2  72.7595   7.24312  0 
 4464.0  74.9952   7.31103  0 
 4464.8  75.0962   7.30087  0 
 4465.6   74.509   7.26616  0 
 4466.4  74.3004   7.24344  0 
 4467.2  74.5597   7.22847  0 
 4468.0  74.3722   7.23627  0 
 4468.8  73.3693    7.2192  0 
 4469.6  72.6053   7.20432  0 
 4470.4  73.1942   7.22739  0 
 4471.2   76.342   7.33612  0 
 4472.0  79.6613   7.44434  0 
 4472.8  81.9107   7.52773  0 
 4473.6  82.8803   7.56453  0 
 4474.4  82.7854   7.55291  0 
 4475.2  82.4227   7.52344  0 
 4476.0  83.7312   7.53742  0 
 4476.8   85.335   7.58012  0 
 4477.6  86.0893   7.60184  0 
 4478.4  85.0267   7.56301  0 
 4479.2   81.293   7.43971  0 
 4480.0  77.5801   7.32311  0 
 4480.8  75.0854   7.23988  0 
 4481.6  74.5745   7.22046  0 
 4482.4  76.1172    7.2715  0 
 4483.2  78.7869   7.36397  0 
 4484.0  81.6484   7.43871  0 
 4484.8  84.6899   7.52878  0 
 4485.6  86.2545     7.577  0 
 4486.4  85.5352   7.54863  0 
 4487.2  83.0856   7.44716  0 
 4488.0  80.4256   7.34622  0 
 4488.8  78.0339   7.25343  0 
 4489.6   76.482   7.18961  0 
 4490.4  76.1232   7.17258  0 
 4491.2  77.0447   7.21806  0 
 4492.0  78.6518   7.29098  0 
 4492.8  78.7714   7.29358  0 
 4493.6  76.9666   7.22203  0 
 4494.4  74.1192   7.11733  0 
 4495.2  72.9959   7.08282  0 
 4496.0  74.3769   7.12292  0 
 4496.8  75.8053   7.17083  0 
 4497.6    77.84   7.24216  0 
 4498.4  80.4191   7.32704  0 
 4499.2  82.4212   7.37364  0 
 4500.0  82.1117   7.35939  0 
 4500.8  81.7103   7.35999  0 
 4501.6  82.0616   7.38421  0 
 4502.4  83.7453   7.44316  0 
 4503.2  87.1078   7.55646  0 
 4504.0  89.6962   7.64635  0 
 4504.8  90.0721   7.64286  0 
 4505.6  89.0702   7.58716  0 
 4506.4  87.5052   7.52065  0 
 4507.2  86.0651   7.48095  0 
 4508.0  86.2349   7.48532  0 
 4508.8  87.0472   7.49708  0 
 4509.6  87.4517   7.49276  0 
 4510.4  86.9667   7.46309  0 
 4511.2   85.822   7.41587  0 
 4512.0  83.7277   7.34304  0 
 4512.8  81.6674   7.26533  0 
 4513.6  80.1481    7.2146  0 
 4514.4  79.8353   7.21246  0 
 4515.2  81.6606    7.2691  0 
 4516.0  82.9309   7.31544  0 
 4516.8  82.6289   7.30177  0 
 4517.6  81.6344   7.26153  0 
 4518.4  81.1414   7.23826  0 
 4519.2   82.716   7.28707  0 
 4520.0  85.1357   7.36094  0 
 4520.8  85.6916   7.37994  0 
 4521.6  84.6086   7.33563  0 
 4522.4  82.5591   7.24774  0 
 4523.2  80.6763   7.16724  0 
 4524.0  79.5066   7.12524  0 
 4524.8  77.9053   7.05708  0 
 4525.6  75.7142   6.96941  0 
 4526.4  73.1587   6.87407  0 
 4527.2   70.881   6.78778  0 
 4528.0  68.6435   6.70785  0 
 4528.8  67.9572   6.69451  0 
 4529.6  68.6256   6.72243  0 
 4530.4  70.2913     6.775  0 
 4531.2   72.447   6.84624  0 
 4532.0  74.1369   6.90278  0 
 4532.8  74.1687   6.90516  0 
 4533.6  73.0487   6.87182  0 
 4534.4  71.6073   6.82575  0 
 4535.2  71.0026    6.7943  0 
 4536.0    74.82   6.92359  0 
 4536.8  79.6321   7.08496  0 
 4537.6  82.8051   7.19359  0 
 4538.4  83.2782   7.21241  0 
 4539.2  81.5828   7.15268  0 
 4540.0  79.8777   7.08336  0 
 4540.8  78.9342   7.03573  0 
 4541.6  79.2226   7.04481  0 
 4542.4  78.6188   7.02673  0 
 4543.2   72.367   6.77488  0 
 4544.0  27.7222     4.204  0 
 4544.8  6.00123   2.15381  0 
 4545.6  2.44068   2.29803  0 
 4546.4  17.1253   4.33568  0 
 4547.2  53.9846   6.08817  0 
 4548.0  31.0583   4.37176  0 
 4548.8  44.0952   4.95297  0 
 4549.6  65.2248   6.17275  0 
 4550.4  78.3869   6.99341  0 
 4551.2  78.2327   6.94141  0 
 4552.0  78.7367   6.94335  0 
 4552.8  78.2849   6.92059  0 
 4553.6  77.7395   6.90699  0 
 4554.4  77.5774   6.91412  0 
 4555.2  77.9729   6.93519  0 
 4556.0  81.1773    7.0454  0 
 4556.8  84.1778   7.14513  0 
 4557.6  86.4116   7.21258  0 
 4558.4  87.4464   7.23333  0 
 4559.2  87.0071   7.20097  0 
 4560.0  87.0258   7.19014  0 
 4560.8  87.1365   7.19746  0 
 4561.6  86.7005   7.18538  0 
 4562.4  85.3773   7.13699  0 
 4563.2  83.0908    7.0532  0 
 4564.0  80.5747   6.97873  0 
 4564.8  80.0639   6.96676  0 
 4565.6  81.5518   7.00803  0 
 4566.4  84.1985   7.07954  0 
 4567.2  86.4792   7.14633  0 
 4568.0  87.9387   7.19373  0 
 4568.8  87.9309   7.17929  0 
 4569.6  86.1661    7.1133  0 
 4570.4  83.4156   7.02348  0 
 4571.2  81.3042    6.9527  0 
 4572.0  81.3788   6.95264  0 
 4572.8  82.6573   6.99673  0 
 4573.6  84.3582   7.04054  0 
 4574.4   85.614    7.0603  0 
 4575.2  85.5132   7.04775  0 
 4576.0  84.6348   7.02741  0 
 4576.8  84.0113   7.01838  0 
 4577.6  83.0273   6.98387  0 
 4578.4  81.4502   6.91857  0 
 4579.2  79.3587   6.84073  0 
 4580.0  77.9316   6.79642  0 
 4580.8  78.2654   6.83243  0 
 4581.6  79.4552   6.90212  0 
 4582.4  80.5888   6.93918  0 
 4583.2   80.751   6.87067  0 
 4584.0  80.3467   6.85422  0 
 4584.8   78.939   6.80796  0 
 4585.6  78.4748   6.79096  0 
 4586.4  79.4992   6.82034  0 
 4587.2  81.6149   6.88456  0 
 4588.0  84.0361   6.95033  0 
 4588.8  85.9037   6.99731  0 
 4589.6  85.6125   6.98033  0 
 4590.4  83.3878   6.90756  0 
 4591.2  80.6676   6.82249  0 
 4592.0  78.6843    6.7611  0 
 4592.8  78.1039   6.73785  0 
 4593.6    78.13   6.71812  0 
 4594.4  78.2205   6.70322  0 
 4595.2  78.0023   6.71308  0 
 4596.0   78.184   6.71906  0 
 4596.8  78.5994   6.73014  0 
 4597.6  79.8115   6.75589  0 
 4598.4  81.0746    6.7811  0 
 4599.2  80.9853   6.77785  0 
 4600.0  80.6245   6.75934  0 
 4600.8  79.8952   6.74141  0 
 4601.6  80.0108   6.75004  0 
 4602.4  80.8048   6.77661  0 
 4603.2  81.3499   6.79344  0 
 4604.0  81.3786    6.7953  0 
 4604.8  80.5864   6.78231  0 
 4605.6  80.6838    6.7913  0 
 4606.4  82.5044   6.84477  0 
 4607.2  86.2068   6.95211  0 
 4608.0  89.1416    7.0484  0 
 4608.8  91.1744   7.10004  0 
 4609.6  91.1201    7.0853  0 
 4610.4   89.442   7.02906  0 
 4611.2  87.5673   6.98114  0 
 4612.0  87.1376   6.95479  0 
 4612.8  87.0848     6.948  0 
 4613.6  87.5352   6.96319  0 
 4614.4  88.1469   6.98427  0 
 4615.2  88.4167   6.98932  0 
 4616.0  89.1821   7.01896  0 
 4616.8  89.3407   7.16523  0 
 4617.6   89.207   7.17396  0 
 4618.4  88.8623   7.05215  0 
 4619.2  88.3038   6.93488  0 
 4620.0   87.647   6.93026  0 
 4620.8   88.063   6.94252  0 
 4621.6  88.7154   6.95575  0 
 4622.4  88.8446   6.95485  0 
 4623.2  87.8746   6.92886  0 
 4624.0   87.249   6.91413  0 
 4624.8  86.5527   6.89236  0 
 4625.6  86.4719   6.88287  0 
 4626.4  86.6607   6.87828  0 
 4627.2  86.3592   6.86019  0 
 4628.0  85.6082   6.82495  0 
 4628.8  85.1916   7.13823  0 
 4629.6  85.5731   7.26826  0 
 4630.4  86.5024   7.12849  0 
 4631.2  87.2938   6.85241  0 
 4632.0  86.2628   6.82698  0 
 4632.8  84.7117   6.76248  0 
 4633.6  83.5791   6.71463  0 
 4634.4  83.0483   6.69665  0 
 4635.2   82.891    6.6995  0 
 4636.0  82.0257   6.67155  0 
 4636.8  81.1392   6.63779  0 
 4637.6  79.9628   6.59481  0 
 4638.4  78.8301   6.58859  0 
 4639.2  78.3506   6.66736  0 
 4640.0  79.4208   6.71179  0 
 4640.8  80.8273   6.65429  0 
 4641.6   82.359   6.64541  0 
 4642.4  83.2273   6.66501  0 
 4643.2  82.6087    6.6372  0 
 4644.0  81.3348   6.58262  0 
 4644.8  79.1927    6.5036  0 
 4645.6   77.035   6.48466  0 
 4646.4  75.4466   6.51464  0 
 4647.2  74.8525   6.53785  0 
 4648.0  75.1832   6.43752  0 
 4648.8   77.618   6.49102  0 
 4649.6  80.2899   6.56821  0 
 4650.4  82.1282   6.61704  0 
 4651.2  82.6332   6.62226  0 
 4652.0  83.7778   6.65746  0 
 4652.8  83.3985   6.66104  0 
 4653.6  82.1961   6.62849  0 
 4654.4  80.6019   6.57841  0 
 4655.2  79.1402   6.54147  0 
 4656.0  79.4659   6.56946  0 
 4656.8  82.1501   6.65581  0 
 4657.6  85.5087   6.75067  0 
 4658.4  88.5816   6.82994  0 
 4659.2  90.5778   6.87566  0 
 4660.0  90.3774   6.85342  0 
 4660.8  87.9234   6.78506  0 
 4661.6  85.2442   6.69479  0 
 4662.4  82.7864   6.60833  0 
 4663.2  80.7006   6.55894  0 
 4664.0  80.4997   6.62757  0 
 4664.8   79.783   6.53515  0 
 4665.6  77.5805   6.40472  0 
 4666.4  74.0806   6.27267  0 
 4667.2  70.2493   6.15872  0 
 4668.0  69.5268   6.13468  0 
 4668.8  71.5819   6.22449  0 
 4669.6  74.9369    6.3322  0 
 4670.4  78.4516   6.43286  0 
 4671.2   81.077   6.51655  0 
 4672.0  82.0283   6.54188  0 
 4672.8  81.8571   6.53568  0 
 4673.6  81.8566   6.53155  0 
 4674.4  82.2017   6.53761  0 
 4675.2   82.797   6.55365  0 
 4676.0  83.8676    6.5729  0 
 4676.8  84.1805   6.57385  0 
 4677.6  83.2408    6.5394  0 
 4678.4  81.5001   6.48432  0 
 4679.2  79.7041   6.43188  0 
 4680.0  78.5213   6.39629  0 
 4680.8  77.6628   6.36765  0 
 4681.6   77.787    6.3685  0 
 4682.4  79.0479   6.40494  0 
 4683.2  81.1947   6.47072  0 
 4684.0  82.7434    6.5236  0 
 4684.8   83.034   6.52617  0 
 4685.6  82.7393   6.51436  0 
 4686.4  82.0427   6.49206  0 
 4687.2  81.1654    6.4618  0 
 4688.0  81.0398   6.45744  0 
 4688.8   81.713   6.46395  0 
 4689.6  81.7451   6.44952  0 
 4690.4  81.2553   6.42623  0 
 4691.2  80.7583   6.41301  0 
 4692.0  80.7897    6.4075  0 
 4692.8  81.8055   6.43347  0 
 4693.6  83.0456   6.46466  0 
 4694.4  84.1006   6.49287  0 
 4695.2  84.7235    6.5134  0 
 4696.0  85.0682   6.51856  0 
 4696.8  84.0011   6.47888  0 
 4697.6  82.1657   6.41682  0 
 4698.4  80.2128   6.35294  0 
 4699.2  78.8607   6.31049  0 
 4700.0  79.1144   6.32733  0 
 4700.8  79.1795   6.31691  0 
 4701.6  78.2459   6.28464  0 
 4702.4  77.1636   6.25385  0 
 4703.2  77.0122   6.24982  0 
 4704.0  78.3231   6.29067  0 
 4704.8  80.3156   6.34466  0 
 4705.6  81.5331   6.37519  0 
 4706.4  81.4001   6.36672  0 
 4707.2   79.853   6.31735  0 
 4708.0  78.0022   6.25758  0 
 4708.8  78.0358   6.25953  0 
 4709.6  79.2086   6.28689  0 
 4710.4  80.9561    6.3375  0 
 4711.2  82.6329   6.40377  0 
 4712.0  83.2304    6.4323  0 
 4712.8  81.8005   6.38001  0 
 4713.6   80.398   6.33203  0 
 4714.4  79.8325   6.31759  0 
 4715.2  80.5367   6.34788  0 
 4716.0  82.5407   6.40956  0 
 4716.8  84.8163   6.46504  0 
 4717.6  86.1989   6.50266  0 
 4718.4  87.0232   6.52665  0 
 4719.2  87.8317   6.54499  0 
 4720.0  88.8474    6.5667  0 
 4720.8  87.9272    6.5431  0 
 4721.6  86.8355   6.50933  0 
 4722.4  85.9006   6.47642  0 
 4723.2  85.3083   6.45261  0 
 4724.0  85.6689   6.45162  0 
 4724.8  87.0907   6.47029  0 
 4725.6  86.3158   6.43337  0 
 4726.4  83.4397   6.34689  0 
 4727.2  79.4585   6.23332  0 
 4728.0  76.3388   6.11848  0 
 4728.8  75.3982   6.09663  0 
 4729.6  76.2912   6.13061  0 
 4730.4  77.7734   6.17914  0 
 4731.2  78.9335   6.21698  0 
 4732.0   80.624   6.28062  0 
 4732.8  81.7483    6.3107  0 
 4733.6  82.5424   6.32532  0 
 4734.4  83.0219   6.33858  0 
 4735.2  83.0063   6.37615  0 
 4736.0  81.6513   6.50821  0 
 4736.8  81.8837    6.4427  0 
 4737.6  83.1991    6.3848  0 
 4738.4  84.7439   6.36928  0 
 4739.2   85.685   6.38785  0 
 4740.0  85.3808    6.3749  0 
 4740.8  84.4142   6.34975  0 
 4741.6  83.5963    6.3316  0 
 4742.4  83.7237    6.3394  0 
 4743.2  85.0435   6.37605  0 
 4744.0  86.2635   6.39856  0 
 4744.8  85.6598   6.37699  0 
 4745.6  85.4323   6.36991  0 
 4746.4   85.947   6.38305  0 
 4747.2  86.8656   6.40431  0 
 4748.0   86.492    6.3896  0 
 4748.8  86.3144   6.37934  0 
 4749.6  86.5063   6.37762  0 
 4750.4  86.2943   6.40483  0 
 4751.2   85.243   6.45162  0 
 4752.0  84.1307   6.41864  0 
 4752.8  83.0484   6.29672  0 
 4753.6  82.2504   6.23994  0 
 4754.4  81.8277   6.22386  0 
 4755.2  81.7038   6.21319  0 
 4756.0  81.4352   6.20301  0 
 4756.8  81.1385   6.18925  0 
 4757.6  80.8589    6.1731  0 
 4758.4  80.7748   6.16455  0 
 4759.2  80.9144   6.16702  0 
 4760.0  80.8907   6.16498  0 
 4760.8  79.5702   6.11469  0 
 4761.6  77.9973   6.05184  0 
 4762.4  76.8572   6.04057  0 
 4763.2  76.4036   6.10511  0 
 4764.0  75.9518   6.16797  0 
 4764.8  75.1564   6.14803  0 
 4765.6  75.1652   6.30675  0 
 4766.4  75.5128    6.3721  0 
 4767.2  76.1334   6.20335  0 
 4768.0  78.4225   6.09377  0 
 4768.8  80.0622   6.11389  0 
 4769.6  81.3614   6.19017  0 
 4770.4  81.6665   6.30925  0 
 4771.2  80.8499   6.41963  0 
 4772.0  80.1257   6.36239  0 
 4772.8  81.0676   6.22797  0 
 4773.6  82.3803   6.19709  0 
 4774.4   83.636   6.22433  0 
 4775.2  84.3106   6.24809  0 
 4776.0  83.3968    6.2158  0 
 4776.8  83.5668   6.21287  0 
 4777.6  83.4286   6.21965  0 
 4778.4  83.2073   6.29864  0 
 4779.2  83.0341   6.43305  0 
 4780.0  82.5287   6.41862  0 
 4780.8  82.1777   6.25691  0 
 4781.6  81.3824   6.26272  0 
 4782.4  80.3622    6.3168  0 
 4783.2  79.4143   6.29276  0 
 4784.0  78.8763   6.11257  0 
 4784.8  78.8535   6.05024  0 
 4785.6  78.7506   6.02944  0 
 4786.4  78.6314   6.02345  0 
 4787.2  78.6941    6.0219  0 
 4788.0  79.3382   6.04126  0 
 4788.8  79.7566   6.05805  0 
 4789.6  79.6483   6.05641  0 
 4790.4  80.0295   6.06646  0 
 4791.2  81.3967   6.10452  0 
 4792.0  83.1308   6.15583  0 
 4792.8  84.6842   6.19884  0 
 4793.6  86.1613    6.2405  0 
 4794.4  87.1878    6.2682  0 
 4795.2  87.5453   6.27507  0 
 4796.0  87.3048   6.26563  0 
 4796.8   85.714    6.2246  0 
 4797.6  83.8242   6.16995  0 
 4798.4  82.1946   6.11782  0 
 4799.2  81.2175   6.08174  0 
 4800.0  81.0999   6.07225  0 
 4800.8  82.6605   6.12111  0 
 4801.6  84.8277   6.18726  0 
 4802.4  86.2098   6.22443  0 
 4803.2  85.9856   6.20847  0 
 4804.0  84.2298   6.15023  0 
 4804.8  82.8582   6.09477  0 
 4805.6  81.6012   6.12744  0 
 4806.4  80.6156   6.21535  0 
 4807.2  80.0529   6.30299  0 
 4808.0  80.0557    6.3051  0 
 4808.8  80.2039   6.23567  0 
 4809.6   80.777   6.12889  0 
 4810.4  81.6859   6.07175  0 
 4811.2  82.6066   6.08738  0 
 4812.0   82.847   6.09476  0 
 4812.8  82.3299   6.10741  0 
 4813.6   82.418    6.1042  0 
 4814.4  83.1058    6.1106  0 
 4815.2  84.1285   6.13574  0 
 4816.0  84.9203   6.16093  0 
 4816.8  85.3394   6.17536  0 
 4817.6  85.7276   6.19108  0 
 4818.4  86.2621   6.19855  0 
 4819.2  86.8718   6.19491  0 
 4820.0  87.1175   6.18811  0 
 4820.8  86.7855   6.17818  0 
 4821.6  84.9247    6.1264  0 
 4822.4  82.6986   6.06212  0 
 4823.2  81.0319   6.01022  0 
 4824.0   80.436   5.98654  0 
 4824.8  81.8846   6.02359  0 
 4825.6  83.5164   6.07206  0 
 4826.4  84.1142   6.08751  0 
 4827.2  83.3422   6.05884  0 
 4828.0  82.0116   6.01967  0 
 4828.8  82.5849   6.03704  0 
 4829.6  82.8781   6.04283  0 
 4830.4  82.3698   6.04819  0 
 4831.2  81.3691   6.12039  0 
 4832.0  81.2393   6.40471  0 
 4832.8  81.1461   6.17544  0 
 4833.6  82.0567    6.0628  0 
 4834.4  83.2369   6.04547  0 
 4835.2  84.0361   6.06885  0 
 4836.0  83.9436   6.05683  0 
 4836.8  83.5676   6.02927  0 
 4837.6  83.1606   6.01791  0 
 4838.4  82.3526    5.9966  0 
 4839.2  81.1302   5.95919  0 
 4840.0  79.9357   5.92576  0 
 4840.8  79.9443   5.92657  0 
 4841.6   80.125   5.93611  0 
 4842.4  79.8597   6.01142  0 
 4843.2  79.3904    6.1069  0 
 4844.0  79.9961   6.05001  0 
 4844.8  82.5788   6.00472  0 
 4845.6  84.0347   6.01059  0 
 4846.4  83.9282   6.00212  0 
 4847.2  82.4585   5.95644  0 
 4848.0  80.4961   5.90152  0 
 4848.8  80.0391   5.88449  0 
 4849.6  80.6745   5.90323  0 
 4850.4  81.3701   5.92359  0 
 4851.2  81.6677   5.92858  0 
 4852.0  81.7551   5.92062  0 
 4852.8  81.1722    5.8923  0 
 4853.6  79.8761   5.83583  0 
 4854.4  77.7378   5.76201  0 
 4855.2  75.3953   5.69731  0 
 4856.0  74.3186   5.68515  0 
 4856.8  75.8042   5.75853  0 
 4857.6  76.0013   5.77893  0 
 4858.4  74.6923    5.7291  0 
 4859.2  71.7048   5.60728  0 
 4860.0  66.8865   5.42686  0 
 4860.8  63.2609   5.29481  0 
 4861.6  63.0317   5.28879  0 
 4862.4   65.648   5.37547  0 
 4863.2  69.6326   5.50124  0 
 4864.0  72.5921   5.59271  0 
 4864.8  74.1841   5.64863  0 
 4865.6  75.6816    5.7005  0 
 4866.4  76.4269   5.72318  0 
 4867.2  76.4822   5.71667  0 
 4868.0  76.6043    5.7053  0 
 4868.8  76.1656   5.68421  0 
 4869.6  74.9872   5.64548  0 
 4870.4  73.0642   5.58646  0 
 4871.2  71.2176   5.52929  0 
 4872.0  71.0368   5.51936  0 
 4872.8  72.8681   5.58933  0 
 4873.6  74.8361    5.6541  0 
 4874.4  76.0793   5.69399  0 
 4875.2  76.6885   5.71391  0 
 4876.0  77.6003   5.74087  0 
 4876.8  78.0388   5.76646  0 
 4877.6  79.2765   5.79441  0 
 4878.4  80.6884   5.82691  0 
 4879.2  81.6147   5.85081  0 
 4880.0  81.3503   5.83921  0 
 4880.8  78.6856    5.7428  0 
 4881.6  77.3777   5.69013  0 
 4882.4  77.4779   5.68726  0 
 4883.2  78.2278   5.71036  0 
 4884.0   78.166   5.70969  0 
 4884.8  76.2134   5.64499  0 
 4885.6  74.7667   5.59439  0 
 4886.4  74.1449   5.56831  0 
 4887.2  74.4111   5.57254  0 
 4888.0  75.3816    5.6077  0 
 4888.8  75.7154   5.62577  0 
 4889.6  74.8192    5.5987  0 
 4890.4   73.861   5.56739  0 
 4891.2  73.7026   5.58922  0 
 4892.0  75.0154   5.72996  0 
 4892.8  79.7608   5.83672  0 
 4893.6  84.3815   5.91262  0 
 4894.4  87.2416   5.96581  0 
 4895.2  88.2459   5.99598  0 
 4896.0  88.4994   5.99831  0 
 4896.8  89.3401   6.00515  0 
 4897.6  89.2655   5.98981  0 
 4898.4  87.9162   5.94873  0 
 4899.2  85.6811   5.88898  0 
 4900.0  83.5586   5.82719  0 
 4900.8  83.3939   5.81169  0 
 4901.6  83.2258   5.80509  0 
 4902.4  82.8775   5.79448  0 
 4903.2  82.7028   5.78687  0 
 4904.0  83.4048   5.80257  0 
 4904.8  84.9107   5.84471  0 
 4905.6   86.259   5.87562  0 
 4906.4  86.6779   5.87854  0 
 4907.2  85.9912     5.853  0 
 4908.0  84.4451   5.81002  0 
 4908.8  82.1831   5.75107  0 
 4909.6  81.0753   5.71551  0 
 4910.4  80.9635   5.70308  0 
 4911.2  81.5159   5.73701  0 
 4912.0  82.2598   5.85029  0 
 4912.8  83.1113   5.96866  0 
 4913.6  84.6488   5.92752  0 
 4914.4  85.5809   5.96357  0 
 4915.2  85.7626   6.05908  0 
 4916.0  85.7019   6.04039  0 
 4916.8  84.3921   5.80135  0 
 4917.6  80.8468   5.66566  0 
 4918.4  76.7641    5.5841  0 
 4919.2  73.1205   5.49899  0 
 4920.0  70.6112   5.35878  0 
 4920.8  71.9616   5.39514  0 
 4921.6  75.1144   5.48493  0 
 4922.4  78.0062   5.57543  0 
 4923.2  79.9746   5.64631  0 
 4924.0  81.1659   5.69384  0 
 4924.8  81.9641   5.68846  0 
 4925.6  83.2337   5.76776  0 
 4926.4  84.2092   6.00498  0 
 4927.2  85.2045   6.25172  0 
 4928.0  86.9913   6.26394  0 
 4928.8  87.8379   6.38095  0 
 4929.6   87.843   6.31956  0 
 4930.4  87.5113   6.24381  0 
 4931.2  86.6584   6.22952  0 
 4932.0  84.7966   6.29256  0 
 4932.8  82.0837   6.20883  0 
 4933.6  81.1593   5.92329  0 
 4934.4   81.414    5.8346  0 
 4935.2  81.8579    6.0139  0 
 4936.0  81.3029   6.32242  0 
 4936.8  79.5095   6.10645  0 
 4937.6  77.5678   5.78255  0 
 4938.4  76.3199   5.61695  0 
 4939.2  76.5186   5.65501  0 
 4940.0  78.7803   5.81242  0 
 4940.8  82.9062   5.80889  0 
 4941.6   85.631    5.8954  0 
 4942.4   87.243   6.00656  0 
 4943.2  88.2354   6.05452  0 
 4944.0  89.1383   5.96628  0 
 4944.8  88.9026   6.01856  0 
 4945.6  87.5557   6.18911  0 
 4946.4  86.6126   6.32467  0 
 4947.2  86.4352    6.4229  0 
 4948.0  86.7877   6.53725  0 
 4948.8  86.7338   6.55123  0 
 4949.6  86.9118   6.45685  0 
 4950.4  86.8518   6.39544  0 
 4951.2  86.5815   6.36225  0 
 4952.0  86.2981    6.2813  0 
 4952.8  85.5234   6.00381  0 
 4953.6  83.8136   5.71057  0 
 4954.4  82.0471   5.58925  0 
 4955.2  79.7712    5.5746  0 
 4956.0  76.1168   5.49626  0 
 4956.8  71.6346   5.29034  0 
 4957.6  70.3835   5.28613  0 
 4958.4  72.2578   5.38421  0 
 4959.2   76.012   5.49166  0 
 4960.0  79.6907   5.52371  0 
 4960.8  80.5577     5.509  0 
 4961.6  81.0959   5.55101  0 
 4962.4  81.4222   5.70391  0 
 4963.2   81.476   5.90305  0 
 4964.0  81.0599   6.02686  0 
 4964.8   79.168   5.90214  0 
 4965.6  78.2612   5.95241  0 
 4966.4  77.8388   5.93971  0 
 4967.2  77.5448   5.77119  0 
 4968.0  77.1822   5.45658  0 
 4968.8  77.7762    5.4139  0 
 4969.6  78.5858    5.4297  0 
 4970.4  79.5133   5.45747  0 
 4971.2     80.6   5.48982  0 
 4972.0  81.8302   5.52811  0 
 4972.8  82.3178   5.53416  0 
 4973.6  82.9368   5.53134  0 
 4974.4  82.8867   5.51734  0 
 4975.2  82.2807   5.50022  0 
 4976.0  81.5521   5.49555  0 
 4976.8  80.8702   5.54864  0 
 4977.6  78.6877   5.44351  0 
 4978.4   77.045   5.35008  0 
 4979.2  76.2159   5.30333  0 
 4980.0  75.7424   5.28728  0 
 4980.8   74.264   5.24425  0 
 4981.6  72.0995   5.28439  0 
 4982.4  70.1482   5.23921  0 
 4983.2  69.3214   5.15164  0 
 4984.0  70.3229   5.12679  0 
 4984.8  72.5342    5.2035  0 
 4985.6  74.7596   5.26628  0 
 4986.4  76.9102   5.31641  0 
 4987.2  78.9627   5.35963  0 
 4988.0  80.6829   5.39707  0 
 4988.8  80.0989   5.38169  0 
 4989.6  78.9529     5.355  0 
 4990.4  78.3212   5.34245  0 
 4991.2  78.2421   5.34113  0 
 4992.0  78.4457   5.34133  0 
 4992.8  78.8571    5.3494  0 
 4993.6  78.9444   5.34434  0 
 4994.4  78.9695   5.33536  0 
 4995.2  79.0905    5.3316  0 
 4996.0  79.3594   5.33824  0 
 4996.8  79.3242   5.33476  0 
 4997.6  78.4268   5.30234  0 
 4998.4  77.0275   5.30777  0 
 4999.2  75.2039    5.3396  0 
 5000.0  73.1264    5.3507  0 
 5000.8  71.8567   5.21165  0 
 5001.6  72.8384   5.20035  0 
 5002.4  73.9566   5.25283  0 
 5003.2  74.4551   5.27136  0 
 5004.0   73.965   5.18294  0 
 5004.8  72.1968   5.11903  0 
 5005.6  70.8431   5.06903  0 
 5006.4  70.6434   5.05261  0 
 5007.2  71.8187   5.08376  0 
 5008.0  74.1549   5.16354  0 
 5008.8  76.1362   5.24181  0 
 5009.6  75.9399   5.20133  0 
 5010.4  74.8612   5.15176  0 
 5011.2  73.2106   5.10006  0 
 5012.0  71.1528   5.04066  0 
 5012.8  69.1052   5.03337  0 
 5013.6  68.7151   5.17931  0 
 5014.4  69.0204   5.21854  0 
 5015.2  70.1076   5.15505  0 
 5016.0  71.8661   5.06426  0 
 5016.8  72.0905   5.04742  0 
 5017.6  71.8872   5.04173  0 
 5018.4  72.1618   5.04917  0 
 5019.2  72.8732   5.06548  0 
 5020.0  73.7131   5.08736  0 
 5020.8     74.2   5.12669  0 
 5021.6  73.8066   5.22891  0 
 5022.4  73.3834   5.26057  0 
 5023.2  73.7663   5.22424  0 
 5024.0  75.3752   5.16335  0 
 5024.8  76.8096   5.16188  0 
 5025.6  77.1159   5.17142  0 
 5026.4  76.4455   5.15572  0 
 5027.2   75.539   5.13107  0 
 5028.0  75.3041   5.12516  0 
 5028.8  76.8171   5.16758  0 
 5029.6  78.6154   5.20939  0 
 5030.4  79.5749   5.22917  0 
 5031.2   80.433    5.2469  0 
 5032.0  81.9113   5.28058  0 
 5032.8  82.9875   5.30191  0 
 5033.6  81.7057   5.26533  0 
 5034.4  78.9988   5.19179  0 
 5035.2  75.8902   5.10438  0 
 5036.0  73.5402   5.03152  0 
 5036.8  73.5715    5.0206  0 
 5037.6  73.9189   5.02713  0 
 5038.4  72.9111   4.99636  0 
 5039.2  70.4029   4.97904  0 
 5040.0  67.0832   5.01209  0 
 5040.8  65.6577   4.99968  0 
 5041.6  67.7587   4.92642  0 
 5042.4  71.4419   4.97631  0 
 5043.2   76.084   5.10458  0 
 5044.0  77.5052    5.1693  0 
 5044.8  56.0493    4.8024  0 
 5045.6  21.1187   4.07538  0 
 5046.4  4.39663  -7.63418  0 
 5047.2  8.10362  -11.7914  0 
 5048.0   29.022   3.11448  0 
 5048.8   66.523   5.21533  0 
 5049.6  73.7307   5.17984  0 
 5050.4  75.0524   5.05483  0 
 5051.2  75.5091   5.04585  0 
 5052.0  76.6184   5.07757  0 
 5052.8  78.0271   5.12291  0 
 5053.6  79.6187    5.1725  0 
 5054.4  80.9763   5.20543  0 
 5055.2  82.1768   5.22774  0 
 5056.0  83.1813   5.24684  0 
 5056.8   83.224   5.25871  0 
 5057.6  83.0761   5.25323  0 
 5058.4  83.0525   5.24847  0 
 5059.2  83.2771   5.25177  0 
 5060.0  83.8718   5.26643  0 
 5060.8  85.1157   5.28902  0 
 5061.6  85.3099   5.30406  0 
 5062.4  83.9298   5.35269  0 
 5063.2  81.2781   5.38595  0 
 5064.0  77.9843   5.34754  0 
 5064.8  75.1837   5.18831  0 
 5065.6  75.5256   5.08596  0 
 5066.4  76.6219   5.05453  0 
 5067.2  77.3734   5.05621  0 
 5068.0  77.4246    5.0596  0 
 5068.8  78.1492   5.07903  0 
 5069.6  78.9203   5.09448  0 
 5070.4  78.7702   5.08391  0 
 5071.2  78.0355   5.06029  0 
 5072.0  77.3673   5.04209  0 
 5072.8  77.8441   5.05083  0 
 5073.6  78.7018   5.07597  0 
 5074.4   78.984   5.07805  0 
 5075.2  78.7027   5.06192  0 
 5076.0  78.1005   5.03982  0 
 5076.8  77.6844    5.0283  0 
 5077.6  76.8433   4.99836  0 
 5078.4  74.6822   4.93691  0 
 5079.2  71.9657   4.86165  0 
 5080.0  69.8012   4.80047  0 
 5080.8  69.7759   4.80134  0 
 5081.6  71.2771   4.84932  0 
 5082.4  72.8397   4.89444  0 
 5083.2  74.1789    4.9299  0 
 5084.0  75.3344   4.95968  0 
 5084.8  76.8501   5.00328  0 
 5085.6  77.9987   5.03782  0 
 5086.4  78.7331   5.04985  0 
 5087.2  79.4182   5.05905  0 
 5088.0  80.1531    5.0782  0 
 5088.8  80.2319   5.09422  0 
 5089.6  80.3661   5.09456  0 
 5090.4  80.9167   5.09719  0 
 5091.2   81.581   5.13415  0 
 5092.0  82.1652   5.21639  0 
 5092.8  82.9061   5.30497  0 
 5093.6  83.2613   5.19154  0 
 5094.4  81.9404   5.09898  0 
 5095.2  79.7477   5.03206  0 
 5096.0  77.5389   4.97775  0 
 5096.8  75.8103   4.93078  0 
 5097.6  74.2383   4.89055  0 
 5098.4  73.0213    4.8546  0 
 5099.2  72.8978   4.84592  0 
 5100.0  74.2541   4.87838  0 
 5100.8  76.7438   4.94491  0 
 5101.6  78.3121   4.98146  0 
 5102.4  78.4498   4.97967  0 
 5103.2  77.7404   4.95614  0 
 5104.0  76.7909   4.92582  0 
 5104.8  76.0286   4.89443  0 
 5105.6  74.9582   4.87073  0 
 5106.4  74.3957   4.85968  0 
 5107.2  74.1563   4.85406  0 
 5108.0  74.0312   4.84914  0 
 5108.8  73.9403   4.84774  0 
 5109.6  74.0231   4.85688  0 
 5110.4  74.8374   4.87954  0 
 5111.2  76.1523   4.90961  0 
 5112.0  77.5361   4.93954  0 
 5112.8  78.2644   4.96011  0 
 5113.6  79.2216   4.98191  0 
 5114.4  80.4187   5.01309  0 
 5115.2  81.4837   5.03844  0 
 5116.0  82.1881   5.05194  0 
 5116.8  82.6009   5.06783  0 
 5117.6  82.3008    5.2562  0 
 5118.4  81.7182   5.24114  0 
 5119.2  80.8704   5.10338  0 
 5120.0  79.7794   4.95705  0 
 5120.8  78.5032   4.92521  0 
 5121.6  76.5263   4.87504  0 
 5122.4  74.2277   4.81031  0 
 5123.2  72.2176   4.75065  0 
 5124.0   71.041   4.71603  0 
 5124.8  71.1849   4.72806  0 
 5125.6  72.5501   4.76538  0 
 5126.4   73.233   4.78434  0 
 5127.2  73.2029   4.78286  0 
 5128.0  72.8466   4.77026  0 
 5128.8  73.0887   4.77135  0 
 5129.6  73.7755   4.79218  0 
 5130.4  75.1916   4.83399  0 
 5131.2  76.8822   4.88134  0 
 5132.0  78.2343   4.91675  0 
 5132.8  78.3881   4.91938  0 
 5133.6  79.0387   4.92964  0 
 5134.4  79.9668   4.94328  0 
 5135.2  80.5001   4.94811  0 
 5136.0  80.1185   4.93452  0 
 5136.8  78.5081   4.89626  0 
 5137.6  75.7752    4.8258  0 
 5138.4  74.0902   4.78178  0 
 5139.2  73.8532   4.77365  0 
 5140.0  74.7582   4.79452  0 
 5140.8  75.5697   4.81677  0 
 5141.6   74.391    4.7882  0 
 5142.4  73.3453   4.75683  0 
 5143.2  73.4852   4.75382  0 
 5144.0  74.5992    4.7774  0 
 5144.8  74.6649   4.77816  0 
 5145.6  73.2813   4.74203  0 
 5146.4  72.5644   4.72266  0 
 5147.2  72.5271   4.71808  0 
 5148.0  72.8866   4.72224  0 
 5148.8  73.0509   4.72635  0 
 5149.6   73.785    4.7455  0 
 5150.4  73.3125   4.73993  0 
 5151.2  72.3984   4.75858  0 
 5152.0  71.7029   4.78963  0 
 5152.8  71.6496   4.73165  0 
 5153.6  72.1574   4.71257  0 
 5154.4  73.8849   4.75001  0 
 5155.2  76.0874   4.80897  0 
 5156.0  78.3145   4.86958  0 
 5156.8  80.5615    4.9342  0 
 5157.6  81.1331   5.11859  0 
 5158.4  80.9633   5.15966  0 
 5159.2  80.6728   5.08034  0 
 5160.0  80.2962   5.01547  0 
 5160.8  79.1101   5.24012  0 
 5161.6  77.6226   5.64033  0 
 5162.4  76.3201    5.7089  0 
 5163.2  74.9106   5.52479  0 
 5164.0  72.5993   5.16981  0 
 5164.8   67.938   4.70974  0 
 5165.6  60.8663    4.3337  0 
 5166.4  55.1083   4.20979  0 
 5167.2  51.8231   4.19538  0 
 5168.0  51.8584    4.2726  0 
 5168.8  55.8346   4.58343  0 
 5169.6  59.2506   4.80555  0 
 5170.4  58.5733   4.67043  0 
 5171.2  55.2681   4.54007  0 
 5172.0  51.5366   4.54041  0 
 5172.8  50.3673   4.51558  0 
 5173.6  55.7867   4.52406  0 
 5174.4  62.8014   4.88429  0 
 5175.2  68.6878   5.21688  0 
 5176.0  72.0959   5.36187  0 
 5176.8  73.1426   5.41036  0 
 5177.6  75.0755   5.79882  0 
 5178.4  75.5217   5.86367  0 
 5179.2  73.7306   5.56738  0 
 5180.0  70.1999   5.10764  0 
 5180.8   66.745   4.92922  0 
 5181.6  61.4303   4.78285  0 
 5182.4   55.449   4.69141  0 
 5183.2  51.4026   4.49248  0 
 5184.0  51.5807   4.25655  0 
 5184.8  57.9514   4.29619  0 
 5185.6  65.3918   4.55478  0 
 5186.4  70.4563   4.63642  0 
 5187.2  73.1562   4.65165  0 
 5188.0   74.315   4.66576  0 
 5188.8  75.5554   4.69758  0 
 5189.6   75.986   4.69353  0 
 5190.4  74.5868    4.7009  0 
 5191.2  72.5753   4.84563  0 
 5192.0  70.8759   5.06647  0 
 5192.8  70.1316   5.12242  0 
 5193.6  71.4635   5.03442  0 
 5194.4  72.3787   4.83403  0 
 5195.2  73.1776   4.68673  0 
 5196.0   74.174   4.65245  0 
 5196.8  75.6875   4.69261  0 
 5197.6  76.9973   4.73496  0 
 5198.4  77.9507   4.76296  0 
 5199.2  78.3386   4.77041  0 
 5200.0  78.1417   4.75694  0 
 5200.8  77.5205   4.72861  0 
 5201.6  76.9268   4.77622  0 
 5202.4  75.6415   4.79857  0 
 5203.2  73.7118   4.81537  0 
 5204.0  71.4589   4.88835  0 
 5204.8  69.4562   5.11115  0 
 5205.6  68.4873   5.24572  0 
 5206.4  67.9082   5.17409  0 
 5207.2    67.47   5.05808  0 
 5208.0   67.323   5.02136  0 
 5208.8  67.9469   5.15095  0 
 5209.6  69.8714   5.12042  0 
 5210.4  72.4776   4.98292  0 
 5211.2    75.67   4.86653  0 
 5212.0  78.8072    4.8102  0 
 5212.8  80.7944    4.7827  0 
 5213.6  80.7149   4.78638  0 
 5214.4   79.855   4.76908  0 
 5215.2  78.8514   4.74585  0 
 5216.0   78.325   4.73231  0 
 5216.8  78.8595     4.744  0 
 5217.6  79.4728   4.75824  0 
 5218.4   80.598   4.78289  0 
 5219.2  81.7872   4.81139  0 
 5220.0  82.6367   4.83313  0 
 5220.8  82.7837    4.8345  0 
 5221.6  82.4382   4.81345  0 
 5222.4  80.9008   4.75263  0 
 5223.2  78.1974   4.75259  0 
 5224.0  74.6803   4.84357  0 
 5224.8  71.0038   4.98984  0 
 5225.6  68.6112   4.69882  0 
 5226.4  68.0082   4.59114  0 
 5227.2  70.0386   4.57122  0 
 5228.0  74.2909   4.61053  0 
 5228.8  79.3268   4.71807  0 
 5229.6  81.8378    4.7787  0 
 5230.4  82.6836   4.80085  0 
 5231.2  82.1333   4.79073  0 
 5232.0  80.5736   4.75384  0 
 5232.8  78.5872   4.69873  0 
 5233.6  78.1884   4.68781  0 
 5234.4  79.0382   4.72396  0 
 5235.2   80.768   4.77933  0 
 5236.0  82.9153   4.83222  0 
 5236.8  84.8942   4.86441  0 
 5237.6  85.6597   4.87474  0 
 5238.4  85.2633   4.85916  0 
 5239.2   84.297   4.82909  0 
 5240.0  83.2566   4.79953  0 
 5240.8  82.6191   4.78789  0 
 5241.6  82.9942   4.79775  0 
 5242.4  83.4473   4.80167  0 
 5243.2  84.0291   4.80547  0 
 5244.0  84.4336   4.80855  0 
 5244.8   84.086   4.80908  0 
 5245.6  81.4309   4.85475  0 
 5246.4   78.694   4.86138  0 
 5247.2  77.0775   4.84562  0 
 5248.0  76.8438   4.80124  0 
 5248.8   77.556   4.71317  0 
 5249.6  76.6215     4.621  0 
 5250.4  76.3052   4.72864  0 
 5251.2  77.0883   4.81124  0 
 5252.0  78.4912   4.79519  0 
 5252.8  79.4699   4.69849  0 
 5253.6  79.2506   4.69539  0 
 5254.4  78.9543   4.68104  0 
 5255.2  79.7728   4.69155  0 
 5256.0  81.7766   4.73234  0 
 5256.8  84.3272   4.78905  0 
 5257.6  85.7228   4.80775  0 
 5258.4  85.5609   4.84237  0 
 5259.2  84.6325   4.85455  0 
 5260.0  83.1593   4.80638  0 
 5260.8  81.0756    4.6717  0 
 5261.6  77.6479   4.57926  0 
 5262.4  73.9324   4.48302  0 
 5263.2  70.5904   4.39377  0 
 5264.0  68.0521   4.34164  0 
 5264.8   66.668   4.36222  0 
 5265.6  67.4696   4.44208  0 
 5266.4  69.0441   4.40607  0 
 5267.2  70.0988   4.43296  0 
 5268.0  69.3924   4.53555  0 
 5268.8  66.1436   4.63198  0 
 5269.6  64.8461   4.45667  0 
 5270.4   67.172   4.38257  0 
 5271.2  71.5889   4.43976  0 
 5272.0  76.2626   4.56378  0 
 5272.8  79.1965   4.64665  0 
 5273.6  79.5198   4.65515  0 
 5274.4  79.4064   4.66685  0 
 5275.2  79.9511   4.74905  0 
 5276.0  81.5798   4.87233  0 
 5276.8   84.249   4.95665  0 
 5277.6  86.2816   4.86265  0 
 5278.4  87.3131   4.82159  0 
 5279.2  86.9255   4.79163  0 
 5280.0  85.3289   4.75465  0 
 5280.8  83.1299   4.70485  0 
 5281.6  81.5083    4.6692  0 
 5282.4  80.3018   4.67853  0 
 5283.2  79.4743   4.88534  0 
 5284.0  80.2095   5.07373  0 
 5284.8  83.7522   4.93667  0 
 5285.6  87.3622   4.83348  0 
 5286.4  89.3965   4.85956  0 
 5287.2  90.0985   4.87988  0 
 5288.0  89.9821   4.87431  0 
 5288.8  89.7465   4.86639  0 
 5289.6    90.15   4.87252  0 
 5290.4  89.9654   4.86491  0 
 5291.2  89.3938   4.84948  0 
 5292.0  88.6656   4.82974  0 
 5292.8  88.0517   4.80967  0 
 5293.6  87.9076   4.80201  0 
 5294.4  86.8983   4.77893  0 
 5295.2  84.3508   4.72011  0 
 5296.0  80.8002   4.65949  0 
 5296.8  77.3901   4.64627  0 
 5297.6  76.1048   4.68122  0 
 5298.4  77.4826   4.67271  0 
 5299.2  80.0322   4.66613  0 
 5300.0  82.4416   4.67753  0 
 5300.8  83.6127   4.70834  0 
 5301.6  84.1222   4.72464  0 
 5302.4   85.751   4.75782  0 
 5303.2  88.0048   4.80501  0 
 5304.0  90.1866    4.8811  0 
 5304.8  91.5236    4.9937  0 
 5305.6  91.3392   5.05609  0 
 5306.4  90.6762   4.92638  0 
 5307.2   90.289   4.85198  0 
 5308.0  90.5397   4.85424  0 
 5308.8  91.4927   4.88146  0 
 5309.6   92.093   4.89583  0 
 5310.4  92.3017   4.89587  0 
 5311.2  91.9354    4.8828  0 
 5312.0   91.105    4.8589  0 
 5312.8  90.0611   4.82919  0 
 5313.6  89.1818   4.81022  0 
 5314.4  88.7003   4.79978  0 
 5315.2  88.2296    4.7881  0 
 5316.0   87.767   4.77527  0 
 5316.8  87.4746   4.76563  0 
 5317.6  87.8952   4.77251  0 
 5318.4  87.9173   4.76794  0 
 5319.2  88.0261   4.76644  0 
 5320.0  88.0147   4.76277  0 
 5320.8  87.4826   4.74666  0 
 5321.6  85.9951   4.71103  0 
 5322.4  84.4767   4.66307  0 
 5323.2  82.8794   4.61779  0 
 5324.0  81.8481   4.59246  0 
 5324.8  81.8699   4.59634  0 
 5325.6  81.3885   4.58951  0 
 5326.4  77.5643   4.58845  0 
 5327.2  73.0185   4.56585  0 
 5328.0  69.8214    4.5573  0 
 5328.8  69.8398   4.60338  0 
 5329.6  74.8584   4.67835  0 
 5330.4  79.9937   4.68032  0 
 5331.2  83.3587   4.67751  0 
 5332.0  85.1779   4.68819  0 
 5332.8  86.2589   4.71318  0 
 5333.6  87.1716   4.72582  0 
 5334.4  88.4444   4.74744  0 
 5335.2  89.0918   4.75759  0 
 5336.0  88.9112   4.75141  0 
 5336.8  87.9954    4.7305  0 
 5337.6  86.7704   4.70655  0 
 5338.4  84.9747   4.66962  0 
 5339.2  82.8399   4.61741  0 
 5340.0  81.0087   4.56836  0 
 5340.8  80.2951   4.54733  0 
 5341.6  82.0162   4.58918  0 
 5342.4  84.6731   4.64889  0 
 5343.2  86.5787   4.68842  0 
 5344.0  87.1309   4.69875  0 
 5344.8  86.3712   4.68387  0 
 5345.6  86.0221   4.67303  0 
 5346.4  86.0788   4.67423  0 
 5347.2  85.4918   4.66476  0 
 5348.0   84.549   4.64723  0 
 5348.8  83.9403   4.63409  0 
 5349.6  84.8621   4.65823  0 
 5350.4  87.3997   4.71071  0 
 5351.2  89.3669   4.78711  0 
 5352.0  90.4206   4.92904  0 
 5352.8  90.6899   5.14846  0 
 5353.6  90.5245   5.29202  0 
 5354.4  91.1089   5.13029  0 
 5355.2  92.2457   5.00736  0 
 5356.0  93.1076   5.05239  0 
 5356.8  93.0591   5.24467  0 
 5357.6  92.8002   5.11268  0 
 5358.4  92.7501   4.92257  0 
 5359.2  92.3907   4.81586  0 
 5360.0  91.2612   4.76444  0 
 5360.8  89.3165   4.71983  0 
 5361.6  88.0714   4.69514  0 
 5362.4  87.8554   4.68995  0 
 5363.2  87.3425   4.67409  0 
 5364.0  86.4403   4.64863  0 
 5364.8  85.4405   4.62306  0 
 5365.6  85.2493   4.61712  0 
 5366.4  85.1864   4.61104  0 
 5367.2  85.1771   4.60946  0 
 5368.0  84.7114   4.60148  0 
 5368.8  83.1832   4.57135  0 
 5369.6   79.732   4.49146  0 
 5370.4  77.3851   4.44628  0 
 5371.2  77.4535   4.50583  0 
 5372.0  79.9649   4.59769  0 
 5372.8  84.3062   4.65222  0 
 5373.6  88.7611   4.70339  0 
 5374.4  90.9779   4.75128  0 
 5375.2  91.5243   4.76328  0 
 5376.0  90.9879   4.74741  0 
 5376.8  90.1626   4.72301  0 
 5377.6  90.4024   4.72303  0 
 5378.4  90.8308   4.85577  0 
 5379.2  90.9264   4.89237  0 
 5380.0  90.5176   4.82039  0 
 5380.8  89.6011   4.69481  0 
 5381.6  88.4725   4.67673  0 
 5382.4  87.9811   4.66749  0 
 5383.2  87.6558   4.66097  0 
 5384.0  87.7945   4.66266  0 
 5384.8   88.556   4.67554  0 
 5385.6  89.3631    4.6903  0 
 5386.4  89.3882   4.68497  0 
 5387.2  88.8381   4.66973  0 
 5388.0   87.601   4.64074  0 
 5388.8  85.7975   4.59847  0 
 5389.6  84.3269   4.56137  0 
 5390.4  83.5029    4.5384  0 
 5391.2  83.0431   4.52543  0 
 5392.0  82.9491   4.52112  0 
 5392.8  83.1302   4.52236  0 
 5393.6  83.1483   4.52073  0 
 5394.4  83.0899   4.52239  0 
 5395.2  81.7516   4.49649  0 
 5396.0  79.9088    4.4563  0 
 5396.8  78.6854    4.4252  0 
 5397.6  79.5558   4.44074  0 
 5398.4  81.6831   4.48629  0 
 5399.2  83.3803   4.52098  0 
 5400.0  84.3021   4.53658  0 
 5400.8  84.5179   4.53607  0 
 5401.6  84.7128   4.54097  0 
 5402.4   83.882    4.5286  0 
 5403.2  81.5346   4.47636  0 
 5404.0  78.5235   4.40136  0 
 5404.8   75.908   4.33788  0 
 5405.6  74.9178    4.3563  0 
 5406.4  76.4839   4.54457  0 
 5407.2  78.9298   4.56316  0 
 5408.0  80.6272   4.50239  0 
 5408.8  80.6963   4.47762  0 
 5409.6   80.034   4.54833  0 
 5410.4  81.1341   4.52685  0 
 5411.2  83.2268   4.52981  0 
 5412.0   85.538    4.5622  0 
 5412.8  87.3654   4.60725  0 
 5413.6  88.1373   4.62366  0 
 5414.4  88.2084   4.62242  0 
 5415.2  88.6871   4.63153  0 
 5416.0  89.4619   4.64665  0 
 5416.8  90.1532   4.65877  0 
 5417.6  90.0005   4.65491  0 
 5418.4  89.2347   4.63615  0 
 5419.2  88.2619   4.61411  0 
 5420.0  87.6321   4.60227  0 
 5420.8  87.6754   4.62287  0 
 5421.6  88.2531   4.72322  0 
 5422.4  87.6699   4.69983  0 
 5423.2  86.3198   4.69567  0 
 5424.0  85.4562   4.70285  0 
 5424.8  85.9935   4.69231  0 
 5425.6  88.0718   4.61398  0 
 5426.4  89.0175   4.82155  0 
 5427.2  87.9772    4.9319  0 
 5428.0   85.368   4.82901  0 
 5428.8  82.2696    4.5544  0 
 5429.6  80.9474   4.43037  0 
 5430.4  82.2263   4.45608  0 
 5431.2  83.3079   4.48241  0 
 5432.0  83.4257   4.48509  0 
 5432.8  82.4491   4.46191  0 
 5433.6  81.1418    4.4342  0 
 5434.4  80.5432   4.46699  0 
 5435.2  80.8092   4.54946  0 
 5436.0  82.1756   4.63433  0 
 5436.8  84.4338   4.68687  0 
 5437.6  86.5443   4.69979  0 
 5438.4  88.8731   4.65275  0 
 5439.2  90.4049   4.68523  0 
 5440.0  90.9794    4.8363  0 
 5440.8  90.7284    5.0823  0 
 5441.6   90.164   5.29816  0 
 5442.4  88.7929   5.22515  0 
 5443.2     87.6   5.14336  0 
 5444.0  86.4657   5.00392  0 
 5444.8  84.6173   4.76959  0 
 5445.6  80.0819   4.45546  0 
 5446.4  77.0519   4.36123  0 
 5447.2  77.0768   4.49084  0 
 5448.0  79.5223   4.78728  0 
 5448.8  82.9876   5.14014  0 
 5449.6  84.9634    5.3502  0 
 5450.4  86.6462   5.64196  0 
 5451.2  86.4912   5.47571  0 
 5452.0  85.5097   5.25123  0 
 5452.8  84.0993   5.21757  0 
 5453.6  81.2958   5.28753  0 
 5454.4   78.244   5.22225  0 
 5455.2  77.6804   5.23922  0 
 5456.0  78.7696   5.13311  0 
 5456.8   80.873   4.90014  0 
 5457.6  84.0612   4.90647  0 
 5458.4  85.9876   5.04058  0 
 5459.2  86.3055    5.0615  0 
 5460.0  85.3784   5.01912  0 
 5460.8  83.7681   4.96531  0 
 5461.6  82.2706    4.9333  0 
 5462.4   81.151   4.69407  0 
 5463.2  80.9594   4.49944  0 
 5464.0  81.5708   4.41571  0 
 5464.8  82.6628   4.43642  0 
 5465.6  83.6714   4.45969  0 
 5466.4  84.0389   4.47287  0 
 5467.2  84.1206   4.47711  0 
 5468.0  83.9995   4.47081  0 
 5468.8  83.6139   4.45317  0 
 5469.6  82.6809   4.42406  0 
 5470.4   82.442   4.48206  0 
 5471.2  82.6399   4.51447  0 
 5472.0  82.4801   4.47852  0 
 5472.8  81.7196   4.41383  0 
 5473.6  80.9104   4.47608  0 
 5474.4  79.8716   4.50458  0 
 5475.2  78.1616   4.39151  0 
 5476.0    76.62   4.28879  0 
 5476.8  76.2122   4.27416  0 
 5477.6  78.0996   4.31555  0 
 5478.4   80.689   4.37108  0 
 5479.2  82.0175   4.44535  0 
 5480.0  81.6753   4.50873  0 
 5480.8  79.9481   4.50338  0 
 5481.6  77.9508   4.33048  0 
 5482.4  78.5649   4.32631  0 
 5483.2  80.3085   4.36109  0 
 5484.0  82.2914   4.40738  0 
 5484.8  83.7939   4.44323  0 
 5485.6  84.2678   4.44986  0 
 5486.4  83.4356   4.43202  0 
 5487.2  82.4614    4.4096  0 
 5488.0  82.0502   4.39912  0 
 5488.8  82.2327   4.40258  0 
 5489.6  82.2266   4.40438  0 
 5490.4  82.8605   4.41888  0 
 5491.2  83.8849   4.43883  0 
 5492.0  84.4978   4.44858  0 
 5492.8  84.3824   4.44437  0 
 5493.6  83.7957   4.43652  0 
 5494.4  83.8252   4.43767  0 
 5495.2  83.7702   4.43702  0 
 5496.0  83.0496   4.42177  0 
 5496.8  82.0592   4.39922  0 
 5497.6  82.3228    4.3999  0 
 5498.4  83.3677   4.41732  0 
 5499.2  83.8483   4.43529  0 
 5500.0  83.5704   4.49952  0 
 5500.8  82.6409   4.58285  0 
 5501.6  81.4798   4.57631  0 
 5502.4  81.1952   4.45403  0 
 5503.2  81.6706   4.39626  0 
 5504.0   81.812   4.46203  0 
 5504.8  81.1277   4.61263  0 
 5505.6  79.7713   4.70623  0 
 5506.4  80.2229   4.54001  0 
 5507.2  81.2543   4.42144  0 
 5508.0  82.3042   4.38371  0 
 5508.8  82.9284   4.40329  0 
 5509.6  82.8009   4.39962  0 
 5510.4  81.6895   4.36958  0 
 5511.2  80.8045   4.42477  0 
 5512.0  79.8379   4.48894  0 
 5512.8  78.9727   4.54159  0 
 5513.6  78.8811   4.61787  0 
 5514.4  80.3532   4.71091  0 
 5515.2  81.3602   4.60993  0 
 5516.0  82.2633   4.47887  0 
 5516.8  83.4868   4.41396  0 
 5517.6  85.5041   4.44572  0 
 5518.4   86.758   4.46976  0 
 5519.2  86.7832   4.47086  0 
 5520.0   86.805   4.49239  0 
 5520.8  86.9515   4.53382  0 
 5521.6  86.3546   4.55366  0 
 5522.4  86.0133   4.46846  0 
 5523.2  85.9584    4.4406  0 
 5524.0  85.5811   4.42552  0 
 5524.8  84.6708   4.40287  0 
 5525.6  83.3726   4.37346  0 
 5526.4  81.7636   4.33819  0 
 5527.2  80.0187   4.29915  0 
 5528.0   78.897   4.27337  0 
 5528.8  79.1229   4.27742  0 
 5529.6  81.3419   4.32642  0 
 5530.4   83.144   4.36864  0 
 5531.2  83.9422   4.37852  0 
 5532.0  83.8798   4.37136  0 
 5532.8  83.3927   4.36064  0 
 5533.6  83.1718   4.35862  0 
 5534.4  83.4298    4.3649  0 
 5535.2  83.3672   4.36552  0 
 5536.0  83.4688   4.36791  0 
 5536.8  83.8665   4.37631  0 
 5537.6  84.4092   4.39218  0 
 5538.4  84.8775   4.41005  0 
 5539.2  85.6512   4.42847  0 
 5540.0  86.7803   4.45142  0 
 5540.8   87.704   4.46728  0 
 5541.6   87.416   4.45336  0 
 5542.4  86.3611   4.43044  0 
 5543.2   85.869   4.41761  0 
 5544.0  86.0325   4.41537  0 
 5544.8  86.3883   4.41698  0 
 5545.6  86.0853   4.41057  0 
 5546.4  85.8736   4.40853  0 
 5547.2  86.5666    4.4231  0 
 5548.0  87.7688     4.447  0 
 5548.8  88.9052   4.46756  0 
 5549.6  89.2627   4.46832  0 
 5550.4  88.6217   4.45138  0 
 5551.2  88.0659   4.43835  0 
 5552.0  87.4742   4.42301  0 
 5552.8  86.7224   4.40299  0 
 5553.6   85.719   4.37923  0 
 5554.4  85.3437   4.36891  0 
 5555.2  85.3312   4.36584  0 
 5556.0   85.466   4.36824  0 
 5556.8  85.5877    4.3731  0 
 5557.6  85.5732   4.37651  0 
 5558.4  85.5355    4.3781  0 
 5559.2  85.8142   4.38578  0 
 5560.0  85.7155   4.38441  0 
 5560.8  85.0327   4.36855  0 
 5561.6  83.9158   4.33989  0 
 5562.4  83.3866   4.31884  0 
 5563.2  83.3241   4.31148  0 
 5564.0  83.2928   4.30802  0 
 5564.8  83.0948   4.30295  0 
 5565.6  82.6919   4.29355  0 
 5566.4  82.4759   4.28665  0 
 5567.2  82.6264   4.28898  0 
 5568.0  83.0132   4.30198  0 
 5568.8  83.4653   4.33019  0 
 5569.6  83.8388    4.3876  0 
 5570.4  85.2166   4.64298  0 
 5571.2  87.5368   5.40006  0 
 5572.0  89.2545   6.74269  1 
 5572.8   90.343   8.42342  1 
 5573.6  91.3476   9.91027  1 
 5574.4  87.4001   9.47155  1 
 5575.2  84.3987    7.6843  1 
 5576.0  83.7375   5.89936  0 
 5576.8  84.7003   4.74453  0 
 5577.6  85.3928   4.41971  0 
 5578.4   85.289   4.36332  0 
 5579.2  85.2241   4.33795  0 
 5580.0  85.1989   4.32441  0 
 5580.8   85.208   4.31571  0 
 5581.6  85.1886   4.30935  0 
 5582.4  84.2733   4.28443  0 
 5583.2  83.4961   4.26494  0 
 5584.0  82.9363   4.25454  0 
 5584.8   82.061    4.2384  0 
 5585.6  80.1371   4.19518  0 
 5586.4  78.1617   4.15025  0 
 5587.2  76.5723   4.11403  0 
 5588.0  75.8618   4.09398  0 
 5588.8  76.2518   4.09545  0 
 5589.6  77.6929   4.12022  0 
 5590.4  78.8728   4.14733  0 
 5591.2  79.5247   4.16889  0 
 5592.0  79.5489   4.17418  0 
 5592.8  79.3965   4.17085  0 
 5593.6  79.7784   4.17555  0 
 5594.4  81.0176   4.20011  0 
 5595.2  82.6222   4.23409  0 
 5596.0  83.2587   4.24671  0 
 5596.8  82.5117   4.25859  0 
 5597.6  80.5596   4.30324  0 
 5598.4  79.1485   4.28075  0 
 5599.2  78.4275   4.20076  0 
 5600.0  77.9833   4.15067  0 
 5600.8  77.6267   4.13807  0 
 5601.6  77.3275   4.13716  0 
 5602.4  77.9564   4.14852  0 
 5603.2  79.4656   4.16997  0 
 5604.0  81.0181   4.19398  0 
 5604.8  82.5942   4.24072  0 
 5605.6  84.4482   4.33178  0 
 5606.4  86.2085   4.38564  0 
 5607.2  86.2866   4.33038  0 
 5608.0  85.6371   4.28237  0 
 5608.8  84.9265   4.26232  0 
 5609.6  84.6867   4.25405  0 
 5610.4  84.8473   4.25594  0 
 5611.2  85.5522   4.26728  0 
 5612.0  85.5837   4.26455  0 
 5612.8  84.4409   4.23957  0 
 5613.6  82.0122   4.19284  0 
 5614.4  78.8673   4.14344  0 
 5615.2  77.4711   4.12966  0 
 5616.0  77.4712    4.1148  0 
 5616.8  78.5771   4.11487  0 
 5617.6  80.2546   4.15407  0 
 5618.4  80.2851   4.15693  0 
 5619.2  79.8506   4.15058  0 
 5620.0  80.1968   4.15837  0 
 5620.8  81.1017   4.17513  0 
 5621.6  81.7336    4.1839  0 
 5622.4  80.8188   4.15858  0 
 5623.2  79.1796    4.1198  0 
 5624.0  77.7354   4.08592  0 
 5624.8  77.2512   4.07263  0 
 5625.6  78.2524   4.09315  0 
 5626.4  79.9464   4.15339  0 
 5627.2  81.7055   4.31048  0 
 5628.0  83.0072   4.41746  0 
 5628.8   83.712    4.4623  0 
 5629.6  83.9203   4.48533  0 
 5630.4  84.3923   4.56879  0 
 5631.2  84.3634   4.40515  0 
 5632.0  83.6749   4.25141  0 
 5632.8  82.8228   4.17413  0 
 5633.6  82.3855   4.16823  0 
 5634.4  81.8125   4.15363  0 
 5635.2  81.2238   4.14169  0 
 5636.0  80.6965   4.12998  0 
 5636.8  80.4213   4.12195  0 
 5637.6  80.5375   4.12185  0 
 5638.4  80.6415   4.12852  0 
 5639.2  80.5293   4.18615  0 
 5640.0  80.2262   4.19366  0 
 5640.8  79.9012   4.15515  0 
 5641.6  79.7375   4.10989  0 
 5642.4  79.6924   4.11044  0 
 5643.2  80.2271   4.11767  0 
 5644.0   80.983   4.12963  0 
 5644.8  81.4857   4.13811  0 
 5645.6  81.4281   4.13655  0 
 5646.4  81.7963   4.14059  0 
 5647.2  82.2648   4.18394  0 
 5648.0  82.2803   4.20354  0 
 5648.8  82.1101   4.18728  0 
 5649.6  82.2076   4.14818  0 
 5650.4  82.7192   4.15973  0 
 5651.2  83.3617   4.17215  0 
 5652.0  83.6288   4.17387  0 
 5652.8  83.4332   4.16541  0 
 5653.6  82.8545   4.15123  0 
 5654.4  82.1641   4.13693  0 
 5655.2  81.5036   4.12226  0 
 5656.0  80.5258   4.10243  0 
 5656.8  78.8828   4.06701  0 
 5657.6  76.5756    4.0131  0 
 5658.4  75.4206   3.98469  0 
 5659.2  76.5796   4.01087  0 
 5660.0  78.0186   4.04644  0 
 5660.8  79.0571    4.0704  0 
 5661.6  79.3955   4.07204  0 
 5662.4  78.9956   4.06368  0 
 5663.2  79.4191    4.0703  0 
 5664.0   80.227   4.08837  0 
 5664.8  80.9763    4.1087  0 
 5665.6  81.2309   4.11928  0 
 5666.4  80.5981   4.10086  0 
 5667.2  80.0877   4.08348  0 
 5668.0  79.8475   4.07919  0 
 5668.8  79.9868   4.08492  0 
 5669.6  80.5177   4.09457  0 
 5670.4  81.1163   4.10686  0 
 5671.2  81.8832   4.12639  0 
 5672.0   83.121   4.15303  0 
 5672.8   84.367    4.1773  0 
 5673.6  85.0497   4.18925  0 
 5674.4  84.8435   4.18533  0 
 5675.2  84.5065   4.18082  0 
 5676.0  84.4944   4.17856  0 
 5676.8  84.5931   4.17545  0 
 5677.6   84.558   4.16993  0 
 5678.4  84.6623   4.17294  0 
 5679.2  84.0157   4.16348  0 
 5680.0  83.2743   4.14717  0 
 5680.8  82.5441   4.12706  0 
 5681.6  81.8094   4.10666  0 
 5682.4  80.9784   4.09284  0 
 5683.2   81.303   4.10159  0 
 5684.0  82.0469   4.11696  0 
 5684.8  82.4629   4.12556  0 
 5685.6  81.9888   4.11763  0 
 5686.4  80.7627   4.09513  0 
 5687.2  80.0519   4.08047  0 
 5688.0  80.1904   4.08133  0 
 5688.8  81.0803   4.09805  0 
 5689.6  82.4272   4.12573  0 
 5690.4  83.6229   4.14702  0 
 5691.2  84.8397   4.21806  0 
 5692.0  85.6184   4.25031  0 
 5692.8  85.5963   4.22826  0 
 5693.6  84.7918   4.16863  0 
 5694.4  84.4812   4.15544  0 
 5695.2   84.301   4.14725  0 
 5696.0  83.7903   4.13441  0 
 5696.8  82.9975    4.1149  0 
 5697.6  81.9793   4.08918  0 
 5698.4  80.4393   4.06069  0 
 5699.2  79.2951    4.0416  0 
 5700.0  78.2271   4.01855  0 
 5700.8  77.3451   3.99541  0 
 5701.6  76.9686    3.9816  0 
 5702.4  78.0241   3.99811  0 
 5703.2  79.2882   4.02312  0 
 5704.0  79.8038   4.03023  0 
 5704.8  79.5916   4.02284  0 
 5705.6  78.8004   4.00708  0 
 5706.4  77.3646   3.98036  0 
 5707.2  76.4601   3.96335  0 
 5708.0  75.6755   3.94567  0 
 5708.8   75.283   3.93804  0 
 5709.6  75.5307   3.94885  0 
 5710.4  76.3661   3.97157  0 
 5711.2   77.028   3.98075  0 
 5712.0  78.2215   4.00171  0 
 5712.8  79.9067   4.03601  0 
 5713.6  81.7681   4.07769  0 
 5714.4  82.9834   4.10881  0 
 5715.2  83.7792   4.12478  0 
 5716.0  83.9969   4.12651  0 
 5716.8  84.0137   4.12518  0 
 5717.6  84.1105   4.12776  0 
 5718.4  84.0373   4.12378  0 
 5719.2  84.7593      4.14  0 
 5720.0  85.2621   4.15239  0 
 5720.8  85.6739   4.15882  0 
 5721.6  86.1818   4.16186  0 
 5722.4  86.7291   4.16922  0 
 5723.2  86.4302   4.16042  0 
 5724.0  85.9822   4.15031  0 
 5724.8  85.3829   4.13787  0 
 5725.6  84.5142   4.12065  0 
 5726.4  83.1177    4.0969  0 
 5727.2  82.6708   4.08341  0 
 5728.0  83.1061   4.09122  0 
 5728.8  83.9085   4.10622  0 
 5729.6  84.3979   4.11269  0 
 5730.4   83.551   4.09755  0 
 5731.2  82.5764    4.1465  0 
 5732.0  83.1629   4.15931  0 
 5732.8  84.7164   4.14998  0 
 5733.6  86.2568   4.14064  0 
 5734.4  86.4541   4.14176  0 
 5735.2  85.7389   4.13388  0 
 5736.0  84.9167   4.12008  0 
 5736.8  84.2744   4.10374  0 
 5737.6  83.9392    4.0893  0 
 5738.4  83.8053   4.08416  0 
 5739.2  83.9558   4.09053  0 
 5740.0  84.0482   4.09528  0 
 5740.8  84.0832   4.09611  0 
 5741.6  84.0764   4.09292  0 
 5742.4  83.9919   4.08781  0 
 5743.2  84.0781   4.14608  0 
 5744.0  84.6102   4.31588  0 
 5744.8  85.3454   4.42496  0 
 5745.6  85.8966   4.35224  0 
 5746.4  85.6212   4.12296  0 
 5747.2  84.2134   4.12922  0 
 5748.0  83.6056   4.13942  0 
 5748.8  84.0292   4.14739  0 
 5749.6  85.0629   4.17313  0 
 5750.4  85.2019   4.25464  0 
 5751.2  84.3836    4.2444  0 
 5752.0  83.1971   4.25796  0 
 5752.8  82.0376   4.28078  0 
 5753.6  81.3397   4.28693  0 
 5754.4  81.7203   4.24661  0 
 5755.2  82.5248   4.37442  0 
 5756.0  83.7284   4.44798  0 
 5756.8  84.8242   4.40498  0 
 5757.6  85.3353    4.2755  0 
 5758.4  84.8536   4.25053  0 
 5759.2  83.5118   4.18871  0 
 5760.0  82.0648   4.08711  0 
 5760.8  80.7754   4.00827  0 
 5761.6  79.9153   3.98495  0 
 5762.4   79.899   3.98565  0 
 5763.2  81.3214   4.01211  0 
 5764.0  82.7865   4.04307  0 
 5764.8  84.1513   4.07169  0 
 5765.6  85.1398   4.09038  0 
 5766.4  85.0026   4.08694  0 
 5767.2  84.9041   4.08475  0 
 5768.0   84.432   4.07515  0 
 5768.8  83.7424   4.05969  0 
 5769.6  83.1237   4.04398  0 
 5770.4  83.0602   4.04008  0 
 5771.2  82.6707   4.02836  0 
 5772.0  81.8389   4.00701  0 
 5772.8  80.7194   3.98069  0 
 5773.6  79.4561   3.95205  0 
 5774.4  78.1344   3.91917  0 
 5775.2  76.9257   3.88848  0 
 5776.0  76.1362   3.87076  0 
 5776.8  76.1053   3.86893  0 
 5777.6  76.9741   3.88604  0 
 5778.4  78.6105   3.92783  0 
 5779.2  78.5064   4.00027  0 
 5780.0  77.8181   3.97338  0 
 5780.8  76.8995   3.91199  0 
 5781.6  76.1337   3.88585  0 
 5782.4  76.0441   3.96094  0 
 5783.2  76.0868   3.99038  0 
 5784.0  76.4679   3.95864  0 
 5784.8  77.1009   3.92129  0 
 5785.6  77.9613    3.9158  0 
 5786.4  79.1636   3.94801  0 
 5787.2  80.8089   3.97738  0 
 5788.0  82.0579   3.99839  0 
 5788.8  82.4519   4.00269  0 
 5789.6  81.8995   3.98902  0 
 5790.4  80.7954   3.96617  0 
 5791.2  80.5682   3.96103  0 
 5792.0   80.601   4.05499  0 
 5792.8   81.238   4.20614  0 
 5793.6  82.5099   4.36242  0 
 5794.4  83.9564   4.46268  0 
 5795.2   84.309   4.59274  0 
 5796.0  84.2555   4.57143  0 
 5796.8  84.0445   4.39656  0 
 5797.6  83.9373    4.1927  0 
 5798.4  84.2471   4.26087  0 
 5799.2  85.0643   4.49933  0 
 5800.0   85.794   4.64407  0 
 5800.8  85.9628   4.75402  0 
 5801.6  85.6278   4.82299  0 
 5802.4  85.5603   4.73782  0 
 5803.2  84.8089   4.66685  0 
 5804.0  83.2817   4.65413  0 
 5804.8  82.3624   4.60088  0 
 5805.6  82.4836   4.52129  0 
 5806.4  82.7967   4.58571  0 
 5807.2   82.575   4.71585  0 
 5808.0  83.0014   4.68934  0 
 5808.8  83.6348   4.53632  0 
 5809.6  84.0905   4.35174  0 
 5810.4  84.0932   4.30715  0 
 5811.2  84.4242   4.25335  0 
 5812.0  84.4936   4.20364  0 
 5812.8  84.2106   4.12522  0 
 5813.6  83.6996    4.0357  0 
 5814.4  83.3359   4.01644  0 
 5815.2  82.6457   4.00301  0 
 5816.0  82.5826   4.00359  0 
 5816.8  83.0971   4.01471  0 
 5817.6  83.9402   4.03037  0 
 5818.4  84.6498   4.04192  0 
 5819.2  85.5732   4.05945  0 
 5820.0  86.0634   4.06388  0 
 5820.8  86.1601   4.06402  0 
 5821.6  85.8829   4.06138  0 
 5822.4   85.211   4.04859  0 
 5823.2  85.0883   4.04277  0 
 5824.0  85.3071   4.04872  0 
 5824.8  85.8002   4.05937  0 
 5825.6  86.2848   4.06799  0 
 5826.4  86.2368   4.06831  0 
 5827.2   85.917   4.05932  0 
 5828.0  86.0659   4.06107  0 
 5828.8  86.0576   4.05722  0 
 5829.6  85.8137   4.04704  0 
 5830.4  85.8468   4.04658  0 
 5831.2   85.804   4.04306  0 
 5832.0  85.4757   4.03663  0 
 5832.8  85.1758   4.03212  0 
 5833.6  84.9866   4.02869  0 
 5834.4  84.7509   4.01963  0 
 5835.2  84.9924   4.02539  0 
 5836.0  85.3079   4.03224  0 
 5836.8  85.1413   4.03019  0 
 5837.6  84.5066    4.0185  0 
 5838.4  83.9825   4.00568  0 
 5839.2  84.0736   4.00289  0 
 5840.0  84.5054   4.01216  0 
 5840.8  85.1078   4.07324  0 
 5841.6    85.59   4.15773  0 
 5842.4  85.5486   4.17236  0 
 5843.2  85.2321   4.07804  0 
 5844.0  84.2923   4.18188  0 
 5844.8  83.1317    4.2355  0 
 5845.6  82.1689   4.14109  0 
 5846.4  81.8327   3.94148  0 
 5847.2   81.764   3.94348  0 
 5848.0  81.7512   3.94341  0 
 5848.8  81.7351   3.94251  0 
 5849.6  81.5291   3.93949  0 
 5850.4  80.8386   3.93078  0 
 5851.2  79.8119   3.90758  0 
 5852.0  79.0588   3.88769  0 
 5852.8  78.8674   3.88057  0 
 5853.6  79.1858   3.88678  0 
 5854.4  79.6521   3.89879  0 
 5855.2  79.2596   3.88968  0 
 5856.0  78.2626   3.86537  0 
 5856.8  77.3151   3.84252  0 
 5857.6  76.9743   3.83496  0 
 5858.4  77.7019   3.85398  0 
 5859.2  78.8055   3.88945  0 
 5860.0  79.3843   3.91743  0 
 5860.8  79.5795   3.93854  0 
 5861.6  79.5878   3.95245  0 
 5862.4  79.6501    3.9582  0 
 5863.2  79.4973   3.95214  0 
 5864.0  79.2821   3.98132  0 
 5864.8  79.0041   4.02591  0 
 5865.6   78.673   4.02922  0 
 5866.4  78.3194    3.9131  0 
 5867.2  78.3901   3.89888  0 
 5868.0  79.3015   3.91372  0 
 5868.8  80.1619   3.92906  0 
 5869.6  80.5849   3.93462  0 
 5870.4  80.5569   3.93318  0 
 5871.2  80.4064   3.92323  0 
 5872.0  79.8058   3.90726  0 
 5872.8  79.7956   3.90073  0 
 5873.6   80.428    3.9138  0 
 5874.4   81.043   3.95318  0 
 5875.2  80.9731   4.03807  0 
 5876.0  80.1699   3.97124  0 
 5876.8  79.3878   3.91276  0 
 5877.6  78.6119   3.93035  0 
 5878.4  77.3553   4.02575  0 
 5879.2  76.3951   4.07434  0 
 5880.0  75.5521   4.03945  0 
 5880.8  74.3217   3.96756  0 
 5881.6  72.1498    3.8846  0 
 5882.4   68.466   3.81394  0 
 5883.2  62.9473   3.99359  0 
 5884.0   57.978   4.36294  0 
 5884.8  54.1941   4.76922  0 
 5885.6  52.3109   5.05641  1 
 5886.4  52.9672   5.06487  1 
 5887.2  54.8598   4.69029  1 
 5888.0  53.9244   4.25546  0 
 5888.8  50.7124   3.91962  0 
 5889.6  46.7798   3.75716  0 
 5890.4  44.3805   3.79198  0 
 5891.2  45.1341   4.12543  0 
 5892.0  48.8987   4.26681  0 
 5892.8  53.7257   4.20342  0 
 5893.6  57.7797   4.03191  0 
 5894.4  59.3597   3.91628  0 
 5895.2  59.5094    3.8919  0 
 5896.0  60.7845   3.87081  0 
 5896.8  63.6584   3.89485  0 
 5897.6  67.5119    3.9768  0 
 5898.4  71.0479   4.10701  0 
 5899.2  73.2363   4.20191  0 
 5900.0  74.7193   4.15248  0 
 5900.8  76.0685   4.19208  0 
 5901.6  77.1449   4.32131  0 
 5902.4  77.4615   4.40896  0 
 5903.2  76.9624   4.27643  0 
 5904.0   76.962   4.25516  0 
 5904.8  77.2078   4.28008  0 
 5905.6  77.6228   4.33468  0 
 5906.4  78.1733    4.4161  0 
 5907.2  78.3219   4.38828  0 
 5908.0  77.7854   4.29201  0 
 5908.8  77.2134   4.20596  0 
 5909.6  77.0538   4.16581  0 
 5910.4  77.5804   4.18575  0 
 5911.2   77.936   4.28063  0 
 5912.0  77.1564   4.23805  0 
 5912.8  76.0172   4.18668  0 
 5913.6  74.8255   4.13658  0 
 5914.4  73.7448   4.04797  0 
 5915.2  73.7204   3.96252  0 
 5916.0  74.3037   3.95898  0 
 5916.8  75.1711   3.94301  0 
 5917.6  76.2272   3.94911  0 
 5918.4  77.4172   4.06801  0 
 5919.2  78.0927   4.34652  0 
 5920.0  77.4986   4.32763  0 
 5920.8  76.9592   4.32623  0 
 5921.6  77.0219   4.35857  0 
 5922.4  77.7324   4.32216  0 
 5923.2  77.2772    4.2772  0 
 5924.0  77.5628   4.20546  0 
 5924.8  77.8189   4.11731  0 
 5925.6  77.8446   4.05334  0 
 5926.4  77.6899   4.06237  0 
 5927.2  77.4854   4.13272  0 
 5928.0  76.9222   4.20478  0 
 5928.8  76.2969   4.21971  0 
 5929.6  76.1288   4.16691  0 
 5930.4  76.8796   4.06572  0 
 5931.2  77.4315   4.00707  0 
 5932.0  77.3464   3.91002  0 
 5932.8  77.2425   3.89634  0 
 5933.6  76.9613   3.94541  0 
 5934.4  76.2098   3.98015  0 
 5935.2  76.3788    3.9658  0 
 5936.0  77.1214   3.88365  0 
 5936.8  77.7861    3.8317  0 
 5937.6  78.2027   3.82656  0 
 5938.4  78.3617   3.85828  0 
 5939.2  77.9924   3.97568  0 
 5940.0  76.9787   4.01171  0 
 5940.8  76.4519   4.01821  0 
 5941.6  76.4923   4.01173  0 
 5942.4  76.7966   3.99007  0 
 5943.2  77.3217   3.88187  0 
 5944.0  77.8269   3.83383  0 
 5944.8   78.243    3.8235  0 
 5945.6  78.4246   3.82869  0 
 5946.4  78.2266   3.82899  0 
 5947.2   77.666   3.83533  0 
 5948.0  77.1237   3.93415  0 
 5948.8  76.6528   4.00496  0 
 5949.6  76.2859   3.99239  0 
 5950.4  76.0115   3.89228  0 
 5951.2  75.5577    3.9185  0 
 5952.0  75.4237   3.86402  0 
 5952.8  75.4657   3.80174  0 
 5953.6  75.7943   3.80591  0 
 5954.4  76.5074   3.93051  0 
 5955.2  77.0682   4.07769  0 
 5956.0  76.1117   4.02663  0 
 5956.8  75.5247    3.9645  0 
 5957.6  75.6652   3.93701  0 
 5958.4   76.358   3.93933  0 
 5959.2  77.2211   3.91975  0 
 5960.0   77.878   3.87326  0 
 5960.8  78.2507   3.83076  0 
 5961.6   78.407   3.82973  0 
 5962.4  78.4315   3.88766  0 
 5963.2  78.1035   3.87446  0 
 5964.0  77.6886   3.90029  0 
 5964.8  77.3904   3.91139  0 
 5965.6  77.3442   3.88269  0 
 5966.4  77.6271   3.81549  0 
 5967.2  78.1367   3.82345  0 
 5968.0  78.2932   3.82316  0 
 5968.8  78.4039   3.82138  0 
 5969.6  78.5751   3.82296  0 
 5970.4  78.8104   3.83042  0 
 5971.2  78.8077   3.83466  0 
 5972.0  78.4356   3.83324  0 
 5972.8  78.0982   3.83025  0 
 5973.6  77.7283   3.82332  0 
 5974.4   77.168   3.80854  0 
 5975.2  76.4609   3.78152  0 
 5976.0  76.0752    3.7635  0 
 5976.8  75.8105   3.79342  0 
 5977.6  75.9656   3.85008  0 
 5978.4  76.7349     3.885  0 
 5979.2  77.0547   3.78916  0 
 5980.0  77.3406   3.77997  0 
 5980.8  77.5897    3.7844  0 
 5981.6  77.5056   3.78076  0 
 5982.4  76.7542   3.76189  0 
 5983.2  75.0917   3.73201  0 
 5984.0  74.7811   3.72673  0 
 5984.8   75.342   3.74005  0 
 5985.6  76.2647   3.75832  0 
 5986.4   77.048   3.76902  0 
 5987.2  77.4422   3.77861  0 
 5988.0  77.8053   3.78615  0 
 5988.8  78.2126   3.79242  0 
 5989.6  78.5779   3.79826  0 
 5990.4  78.7566    3.8036  0 
 5991.2  78.4704   3.80309  0 
 5992.0   78.298   3.80217  0 
 5992.8  78.5545   3.80968  0 
 5993.6  78.9388   3.81823  0 
 5994.4  79.0141   3.81736  0 
 5995.2  78.3677   3.79886  0 
 5996.0  77.3375   3.77466  0 
 5996.8  76.8584    3.7652  0 
 5997.6  76.8655   3.76695  0 
 5998.4   77.068   3.77202  0 
 5999.2  77.2268   3.77871  0 
 6000.0  77.1588   3.77499  0 
 6000.8  76.8175   3.76613  0 
 6001.6  76.3443   3.75564  0 
 6002.4   75.968   3.74652  0 
 6003.2  76.1185   3.74078  0 
 6004.0  76.1777   3.73774  0 
 6004.8   75.757   3.72677  0 
 6005.6  75.0589   3.71027  0 
 6006.4  74.4102   3.69411  0 
 6007.2   74.119    3.6874  0 
 6008.0  74.4019   3.69718  0 
 6008.8  75.1319   3.71325  0 
 6009.6  75.9309   3.72848  0 
 6010.4   76.491   3.73838  0 
 6011.2  77.0145   3.74712  0 
 6012.0  76.6542   3.73672  0 
 6012.8  76.0579    3.7233  0 
 6013.6   75.625   3.71532  0 
 6014.4  75.6052   3.71655  0 
 6015.2  75.8638   3.71836  0 
 6016.0  75.9788   3.71959  0 
 6016.8  76.1138   3.72015  0 
 6017.6  76.2843   3.72001  0 
 6018.4  76.3664   3.71856  0 
 6019.2   75.778   3.71251  0 
 6020.0  75.6087   3.71127  0 
 6020.8  76.0195   3.72161  0 
 6021.6  76.5303   3.76067  0 
 6022.4  76.7445   3.82089  0 
 6023.2  76.9754   3.79992  0 
 6024.0  77.6643   3.77264  0 
 6024.8  78.3645   3.77123  0 
 6025.6  78.7824   3.77766  0 
 6026.4   78.778   3.77453  0 
 6027.2  78.6111   3.77549  0 
 6028.0  78.8374   3.78212  0 
 6028.8    79.12   3.78759  0 
 6029.6   79.289   3.79121  0 
 6030.4  79.2809   3.80348  0 
 6031.2  79.2881   3.87188  0 
 6032.0  79.3942   3.86804  0 
 6032.8  79.5678   3.82337  0 
 6033.6  79.7871   3.78935  0 
 6034.4  80.0295   3.79606  0 
 6035.2  80.2738   3.79672  0 
 6036.0  80.1934   3.79203  0 
 6036.8  80.1423   3.79223  0 
 6037.6  80.0416   3.79216  0 
 6038.4  79.7869   3.78597  0 
 6039.2  79.3587   3.77185  0 
 6040.0  79.3356   3.84419  0 
 6040.8  79.3877   3.88579  0 
 6041.6   79.515   3.89052  0 
 6042.4  79.7447   3.89307  0 
 6043.2  80.0733   4.00817  0 
 6044.0  80.6864   4.02717  0 
 6044.8  80.9148   4.07068  0 
 6045.6   80.947   4.08783  0 
 6046.4  81.0081   4.03073  0 
 6047.2  81.1083   3.91294  0 
 6048.0  81.3251   3.93855  0 
 6048.8  81.3491   3.95405  0 
 6049.6  81.0765    4.0379  0 
 6050.4  80.5933   4.18571  0 
 6051.2  80.4239   4.08612  0 
 6052.0  80.1162   3.86928  0 
 6052.8  79.7998   3.84649  0 
 6053.6  79.4336   3.93398  0 
 6054.4  79.0482   3.99191  0 
 6055.2  78.9216   3.84785  0 
 6056.0  78.6459   3.92584  0 
 6056.8  78.5664   3.93412  0 
 6057.6  78.6402   3.84743  0 
 6058.4  78.9716   3.81021  0 
 6059.2  80.2084   4.34961  0 
